6.82,58.945735661084534,68.95628492825547,72.84304081606152,29.905179310964865,29.672914446002807,11.305030421052354,169.88655539880332,7.403226799817984,62.918251519401586,2.56,59.38794772256729,68.2091718426501,75.40853778467908,30.08484809900245,29.850180124223606,10.450762111801241,132.62525879917183,6.02296442687747,62.92704968944099
2.0200000000000005,59.750085010568874,68.93585240327175,75.27863615476518,30.10836001286646,29.871344086021498,10.301178285243923,135.90958107655158,5.518237294366325,63.37634408602151,0.27,55.818477818477824,64.72171347171346,75.66391941391942,30.086911965811968,29.849107142857147,10.861157956857957,141.96123876123877,6.534102564102564,59.56547619047619
4.550000000000001,54.559519232243865,61.449366474373726,80.40787155598026,29.983860343856357,29.72122214975845,9.302337623318712,106.12145216565507,5.915453826098755,57.59101449275363,1.39,47.52602564102564,53.612326007326,81.63565934065933,30.111696948381734,29.752642339544515,10.66550591551306,122.71798853320593,5.689204314204313,50.50802277432712
0.0,38.298404390160506,47.77138850981398,73.24389204881902,30.058898853313696,29.823698340345942,10.891404386385522,146.36231789571613,8.528758134914975,43.72619855668904,0.0,35.4847619047619,47.22380952380953,68.45689857761286,29.964314285714284,29.729404761904757,11.334097619047622,162.3452380952381,9.907857142857143,42.4395485466914
3.6599999999999993,26.358415676176048,32.06384165074195,83.1230107525325,30.16888575769909,29.758016825382875,8.845950146416733,154.0482366824321,7.757971722828045,41.65060064655566,0.18,19.017767811898246,23.783584893367504,84.48797036297036,30.277863756613755,29.748142756787473,9.09544261294261,114.21935868364439,5.043083900226757,41.97084426541953
3.719999999999999,28.06166976870336,31.193519682686315,89.53537489308131,30.073495051882247,29.758016825382875,6.5180073988828715,125.53861622500972,7.655826597481842,41.65060064655566,0.74,16.903229833554107,20.4113066089494,86.55464286604081,30.23330725623583,29.748142756787473,6.656208795318892,124.32370266114108,7.42340654077723,41.97084426541953
3.190000000000001,11.175040153216397,16.40268755618886,80.49430835424586,29.96523205555914,29.758016825382875,7.989994610407848,168.30191594916292,11.096316671919492,41.65060064655566,1.0,3.601594527492143,9.45354334772287,77.89057524756683,30.202034171719085,29.748142756787473,8.714180190239867,131.39423076923075,10.519871794871795,41.97084426541953
2.78,16.45558180740255,22.982116815335132,77.65178059435246,30.14226715920294,29.758016825382875,7.693969797548813,154.9110580503586,9.41725917242442,41.65060064655566,0.79,19.559129934309276,25.702599679931097,78.52067953567236,30.044310900295407,29.748142756787473,8.066421745644668,189.2189363106213,11.6416360780915,41.97084426541953
3.0,19.871764963987463,27.522817549575038,75.50872618020995,30.016979818290018,29.789026998597475,8.60158618120969,165.41542906824304,9.828907650304373,25.110988111934812,0.86,32.53872359470104,37.596269933074446,83.81449874686716,29.816373348471625,29.58823571428572,7.163979964278512,135.8394333534987,9.171701956039525,35.455227743271216
0.0,30.538875278316457,43.35889793866264,66.22849595814813,29.94192891799089,29.709881038647342,10.663584699328448,170.81579008954006,8.949818986568989,38.15989083380388,0.0,37.71309523809524,51.95663003663004,63.20128205128206,29.90387692307692,29.670833333333327,11.423992124542124,157.24102564102563,8.566446886446887,45.3154761904762
2.0,40.17112723857852,53.16642268815964,65.63225370388183,29.87334352988341,29.641349088359053,11.228725630972177,191.39271058373677,10.294836112606584,47.075645161290325,0.3,46.09798534798534,60.0595238095238,64.52060439560441,30.165370879120882,29.92684523809524,11.432014652014653,157.60471412645327,6.068223443223443,52.80357142857143
1.98,56.699818234920954,69.41517199703773,67.45484888383695,29.967648509735024,29.733262971014494,11.201348414939392,135.76104949343232,6.8815052079515,61.92237922705314,0.0,61.68547619047619,73.90986772486772,68.39227513227513,30.001005555555547,29.763571428571424,11.784473722734592,147.66693121693123,5.899179894179894,66.26785714285714
4.32,60.61948872722191,69.89032068192832,74.97256865071382,29.970422606645457,29.73750032725573,10.447205656463641,158.0183040117121,6.77433030095197,64.2111757830762,0.6,59.996648181011544,71.71198425022182,69.52249445430347,29.99796113575865,29.76731118012422,11.341808506426286,158.66773513753327,6.461423765158237,64.57971014492753
0.0,58.524120175973806,66.24045822427242,79.06553869919523,30.00662930917742,29.772573726040214,9.85686206391571,135.09336122987625,5.678207686010755,61.69985039738197,0.0,60.05597350230415,64.7911405529954,86.74023617511521,30.00643853686636,29.771190476190473,7.771843196768687,95.85097926267281,3.2050057603686635,62.089285714285715
0.0,53.27024202738883,58.969561536158054,83.41942083283968,29.964165893772535,29.731418937198075,9.78842614072413,168.70896914214623,7.320337570628187,55.749461352657015,0.0,47.348469552072025,52.569706694271915,84.90376039304611,29.75594279305925,29.52572329192547,9.966600951693808,173.4777350553748,7.491664859180387,49.81689440993789
1.74,38.40566737940031,46.60926344606734,76.99978124825147,30.084671917023424,29.850454581580177,10.289170853267983,138.56499702000542,6.66791346148266,42.91633027327978,1.3900000000000001,32.364740340580674,39.45711617980526,79.35178471388555,29.9715029856387,29.739394099378888,9.28469171992029,155.85411942554802,9.020377928949356,36.58283173348391
0.0,29.416622885315753,34.017821540206796,85.21144653906221,29.966996921119428,29.741887125603856,7.801057140875756,142.97042448481886,8.59406060632574,32.12048529756539,0.0,25.08840893442397,28.532764328403424,87.24096780412572,29.880889180924896,29.67232142857143,7.445693106893108,164.65060115727104,9.411842320505913,26.738155913499163
1.87,18.406664964984323,23.03535054633414,85.33008123605178,29.886062036163242,29.659641746355558,8.094248510078163,165.61414726522128,8.34399572936614,21.558419700916197,0.76,16.78225624034991,20.8161682698057,85.37415072720478,29.72977215297337,29.500230331262937,7.025079815720059,177.37660492124778,9.180017490637791,19.643525315264448
0.0,15.042622572045115,18.976477222787956,85.57750552709477,30.12980125778681,29.758016825382875,7.195591892661375,121.34194870912448,9.013386417358282,41.65060064655566,0.0,9.510918484440824,13.738805104599535,83.6830670835209,30.107691236323586,29.748142756787473,8.2473546230458,121.81342023989085,6.699860542507601,41.97084426541953
1.3699999999999999,18.21128896074575,24.42395083584819,80.15179067392828,30.060362908971037,29.826350103519673,9.11810790665058,115.75047364831846,6.965592643763825,22.634931670296577,0.64,25.814632034632037,32.46529581529582,80.76823833881379,29.953455920205922,29.722678571428567,9.554901222651223,142.54682539682543,8.286190476190475,30.19608843537415
0.0,27.681522487836776,33.73464867444631,81.99499970347763,30.004952637447005,29.758016825382875,7.711534289553828,135.39792654927234,8.455632728039223,41.65060064655566,0.0,41.23114546035439,53.30162839189209,67.52639816610406,29.924443796568546,29.748142756787473,9.91330688243467,171.1633887898594,10.33395705226334,41.97084426541953
1.2000000000000002,30.230518386203176,48.64119313536704,54.36428601591645,29.96636131672675,29.758016825382875,11.82142348970474,159.916050154733,8.824128149628148,41.65060064655566,0.02,28.52656368476244,49.549734344330616,48.446247882552235,30.047041413245136,29.748142756787473,12.920359495576887,213.18091070420263,10.091299239063215,41.97084426541953
2.56,50.342864907705916,63.74906893261369,66.26031657254713,29.91147299435964,29.758016825382875,10.707800258889177,137.41489731741237,7.054530009540105,41.65060064655566,1.22,49.67162826420891,65.13807987711212,61.78862263184845,29.870030612244896,29.748142756787473,11.556159108946611,198.44877450980394,7.9245238095238095,41.97084426541953
4.879999999999999,58.13049494083888,66.79798913313022,76.26105930527225,29.8229372663583,29.758016825382875,9.582166191286177,143.34647038808995,7.170535431286861,41.65060064655566,1.5399999999999998,65.01587382420135,71.777037497926,80.50003605569808,29.816855186277134,29.748142756787473,8.88538240495137,110.92289823997142,6.530834788984494,41.97084426541953
3.04,59.81983370374822,69.93048868969349,73.226572024195,29.935552762828014,29.758016825382875,10.51174672994178,175.6770400004924,7.042634739041796,41.65060064655566,0.51,56.27520408163265,67.20030612244898,71.25785714285715,29.974401360544213,29.748142756787473,12.110766852195423,181.47412008281574,7.158231292517007,41.97084426541953
0.0,60.957893634297726,68.89679357037407,78.217106727013,30.073767327511856,29.758016825382875,9.693240160060551,130.91323459984454,5.22727465208133,41.65060064655566,0.0,61.22459815977674,67.8261217948718,81.74520473574044,29.927336580665152,29.748142756787473,9.84909738854397,156.31464329321471,5.843702091559234,41.97084426541953
4.51,53.12219422924881,60.83438654337362,77.9539331092492,29.921007134541703,29.758016825382875,10.560508371107813,164.36509657488108,7.021415563789128,41.65060064655566,2.41,52.04085985853227,59.65018867626626,77.93186118479221,29.91262505052419,29.748142756787473,10.291773351791885,162.02132910193254,6.859631173424277,41.97084426541953
2.32,40.96837147606433,50.244998941113934,73.52196129438066,30.11234280607963,29.758016825382875,11.428894662661245,173.56957098076577,8.8486426123477,41.65060064655566,0.62,34.99267399267399,46.92765567765567,66.7037364809104,30.079967948717947,29.748142756787473,12.332138278388282,212.81593406593407,9.482600732600732,41.97084426541953
1.2300000000000002,29.31362862012748,39.1878670615688,71.41043945382492,30.01918003319785,29.758016825382875,10.899721805584617,191.69777478982132,10.026904255054127,41.65060064655566,0.5,32.04821088253865,40.13602636968885,74.7554583477832,29.94980829675243,29.748142756787473,11.03702925785699,177.11707542604617,9.938997479542858,41.97084426541953
1.83,21.588178859790986,29.79709158925861,73.82736421554456,30.066963676050026,29.758016825382875,10.031418251978947,172.0436679680622,9.788096557438427,41.65060064655566,0.05,11.18862211431979,19.658364000340743,70.92742993440666,30.020699187768752,29.748142756787473,10.294119143175665,154.63450276431644,8.904371373967646,41.97084426541953
5.109999999999999,9.038383250245568,15.857206637257878,75.53704356740198,30.140229520799988,29.758016825382875,7.453692394606019,148.11948841567695,9.543530498406687,41.65060064655566,0.23000000000000004,5.414716459952031,12.542696679009358,73.89702207222278,30.395302771469794,29.748142756787473,8.143917682566537,105.97678774370505,6.881121938264796,41.97084426541953
0.74,13.828249731793248,22.87641026484069,70.3373379030612,30.091556631067554,29.758016825382875,10.329747013033478,155.26930947738788,7.688667891654029,41.65060064655566,0.21,7.488854382332643,18.993335305136547,63.41876088599691,30.207692517006798,29.748142756787473,11.976901020408164,124.61825396825397,6.228820861678005,41.97084426541953
3.43,17.07379241870628,27.591388867396827,68.32983659307281,30.019029379492707,29.758016825382875,9.77517675319199,189.482343626257,9.792381405553884,41.65060064655566,0.0,22.778985507246375,37.5139751552795,59.99734142668926,30.14529761904762,29.748142756787473,12.336309523809524,175.59523809523807,7.773809523809524,41.97084426541953
0.42999999999999994,27.002917630410384,43.8031644689181,57.572677710641486,30.00224380570852,29.76959147342995,11.904413160630249,166.2991244477476,9.037730497092815,37.22158981115503,0.0,24.99404761904762,46.589285714285715,49.626095695195076,30.197083333333328,29.961547619047614,13.194166666666666,149.21066252587988,8.178571428571429,38.12783334677745
1.72,46.849045834652095,60.061314412467134,66.63335457353676,30.036288644074325,29.803199999999993,12.314628368370455,135.6961041893337,6.469469065115592,53.218090229079024,0.3,48.35319035802907,61.58860080012154,65.55143988116339,29.90487719231614,29.67547619047619,12.589830961665063,190.09239800138417,7.619304704512078,54.29761904761905
2.9899999999999998,57.32536093860894,67.56355553500768,73.02219749301815,30.041112967311292,29.80926471014493,10.828100677401803,146.27897747909518,6.1034235021745635,61.408659420289865,0.7599999999999999,61.903458290478,72.33936276367311,72.83666847110197,29.835356114973457,29.60734430641822,10.175225042912,157.43035060177914,6.4318315018315015,65.60519668737061
4.16,61.7031567606982,71.10633047691788,74.86431269942834,29.93168364494649,29.70228697989715,10.7230174847413,162.36424547109362,6.871012033014511,65.14889901823283,0.64,64.53662193413345,72.58290921827788,77.79488285140359,29.757181262132644,29.525595238095235,10.867617246291383,140.46222379770768,5.292295013401004,67.375
1.09,55.819024609389004,65.00046217594154,75.22303926485158,29.986274901623222,29.752943548387098,11.043508625567908,147.0880410029168,5.6410301769754785,59.682795698924735,0.0,54.56591836734693,66.6024149659864,68.75421768707483,30.052978571428575,29.817440476190477,11.814179379490511,137.99112554112554,5.224183673469389,59.625
6.379999999999998,53.409252626341484,61.45468050460628,78.17818782724129,30.00896410703044,29.776025966183568,9.846303058546857,131.65247193353764,5.660706806582982,56.8316425120773,0.63,51.33029816253501,57.24026241266954,82.36531891437077,30.020467367288795,29.792432712215316,8.954116793939795,121.67788805805722,5.1906651358249105,53.90942028985507
2.5600000000000005,36.95312190977925,45.98100227561238,74.54951526962329,30.08065050477463,29.850569775596078,11.14449170820334,170.65518682315272,8.03628774836371,41.97500698226505,0.02,33.61326007326007,43.41393772893773,71.42299410734192,30.175528754578757,29.9389880952381,11.483308974358973,143.81552795031055,6.74040293040293,39.21765010351966
2.11,33.1940503147523,41.028965080354844,75.82393578816836,30.038008362795146,29.757714855072468,9.856973516548095,186.54679253374397,10.46196344303202,37.944557061296194,1.56,33.32932929139825,38.32511367942402,83.17892194012882,30.149125193325194,29.915768633540374,9.142808826094539,196.4617307341445,10.497361548833373,36.42416512059369
2.2199999999999998,20.412367844078062,26.32920609207799,80.22837959714322,30.056602462201205,29.83162639083684,9.062376459931473,157.3521281348989,8.399635023349454,24.117321745329793,0.11000000000000001,6.862892712640611,14.686700902583254,71.59427148637232,29.778927217755786,29.570773809523814,9.479199807599807,180.61292029356545,10.027927160191311,11.212991718426503
1.7400000000000004,6.84753566398099,15.251076022519543,71.67866939621321,30.071990171059316,29.851865357643753,9.14979313449195,180.6730258979807,10.11828117835998,12.977301581944351,0.26,3.557051725514195,10.816918110138449,73.51680258804957,30.0990570118478,29.879106211180122,7.385568783341582,190.02910414564553,9.664125707190223,8.90799185286763
3.1500000000000004,12.733985044680306,19.840221676644333,75.58369377171456,30.1220640081671,29.89567391304347,8.366914037015302,151.6278818873234,8.88810414093069,17.263624032139774,1.2500000000000002,31.29924648555861,37.41374585392267,80.92022806288143,30.20251691670602,29.965833333333332,7.825747954692283,142.95740969183962,8.50554509082019,35.12241200828158
2.69,25.011932528929282,34.69897808803405,72.27634221577522,30.019594060345764,29.786286863020102,10.1661119178849,163.0617863907103,9.147866201402817,31.53712045317936,1.22,31.128229984301413,40.45972919937206,76.5861985556686,29.64356581316877,29.412008488612837,10.50431198979592,182.77908163265306,10.298971088435374,37.274118738404454
5.35,30.64901887324354,40.30092828468191,73.01417592948619,29.994655809458493,29.760620772946858,9.51424303038018,151.6508272823861,9.762503587748673,36.5206498211933,0.0,29.101190476190478,45.47893772893773,58.25774891774892,30.04066923076923,29.80535714285714,12.949006043956045,168.77106227106228,9.002454212454213,39.03183229813665
6.3599999999999985,47.036583159872166,54.77088728488781,77.7910780074846,29.92570804246379,29.695255119214593,10.229326538220914,143.63971759507223,7.60941603216491,50.72268115942028,0.33,48.10659747659748,55.83007478632478,76.9979064916565,29.948095615495614,29.7175284679089,11.757671202629897,175.08587708587712,8.197500000000002,51.60351966873706
3.36,55.14605630939305,60.857707669599115,83.60891665816695,29.970732346836442,29.73974352657005,10.508454222990883,140.48453710127112,7.283911485786161,57.773681159420285,0.97,62.19211449470071,66.99448549534756,85.87735482907897,29.8821939179656,29.660595238095237,10.824645908874219,170.21274039060205,6.463918438265443,63.791666666666664
3.43,58.20217841361667,65.4033564698218,79.9477692448701,29.968029513932585,29.73506105656849,11.26569820917644,141.24515337062647,6.013653001183319,61.0474146797569,0.25,64.06706780147957,70.04317065287653,83.17168450286098,30.1301583879084,29.890341614906838,11.156381393846683,67.9139527458493,3.8485797535797537,66.24870600414079
3.9400000000000004,59.51835140644211,65.71387591726858,82.42937724583068,29.998315860026903,29.758016825382875,10.346211833799359,146.96084925198696,6.02658298343126,41.65060064655566,0.0,61.057963694761725,68.29591430736751,79.65164375033832,30.069743081529698,29.748142756787473,9.67227757971594,143.51832707522362,6.149706773956266,41.97084426541953
4.06,50.146544830851454,56.604949608352975,80.96387640394038,30.00715466177329,29.758016825382875,9.830976630696195,152.68050011412964,6.531980105753542,41.65060064655566,0.8500000000000001,38.43555900621118,46.845755693581786,75.2445652173913,30.113454968944097,29.748142756787473,9.690217391304348,166.71475625823453,6.216614906832298,41.97084426541953
1.01,40.478396913612656,47.80163225773118,77.98604454744626,30.11721545781813,29.758016825382875,8.77588678114367,171.57673800958182,7.407051498401223,41.65060064655566,0.07,36.886904761904766,43.08333333333333,80.21428571428571,30.20652906617192,29.748142756787473,7.377976190476191,152.93737060041408,6.107142857142857,41.97084426541953
0.0,29.49335368737542,34.30680066818511,83.73157183523317,29.97237018663236,29.758016825382875,7.754035092164384,154.60387495799392,6.097290765425778,41.65060064655566,0.0,26.54418407679277,29.698922454357238,88.63356389986825,30.013927007804718,29.748142756787473,7.157867494824016,137.47694334650856,4.92577169207604,41.97084426541953
0.0,9.348585787751286,15.319950911640955,77.84484572230016,30.149704845997082,29.758016825382875,7.940027466105656,176.92050235879128,8.860916316035533,41.65060064655566,0.0,5.260869565217392,10.539596273291924,79.11853002070393,30.063108425656516,29.748142756787473,7.1805124223602474,220.72981366459626,9.37991718426501,41.97084426541953
0.0,11.581739555442217,16.84965361893833,80.12866568914954,30.034203696106978,29.758016825382875,7.311185133239831,168.39474690807086,6.928465935653872,41.65060064655566,0.0,13.043737060041408,18.24585921325052,80.84575569358178,29.977978399857964,29.748142756787473,7.0667054865424435,159.71014492753622,7.819616977225673,41.97084426541953
1.71,10.380758281573497,17.642016045548655,74.27335662525878,30.13216347603289,29.758016825382875,7.823099767080747,168.83799171842648,9.117688923395445,41.65060064655566,0.45,8.18659420289855,17.34368530020704,68.57660455486543,30.17076579182398,29.748142756787473,8.746376811594203,165.99896480331262,9.302536231884059,41.97084426541953
1.84,18.164931725590915,26.05292784588016,73.5822988955878,29.96619071698603,29.758016825382875,8.09002492365045,146.21040600353365,9.30150634778966,41.65060064655566,0.09000000000000001,20.029983732623485,27.801611949127473,74.35651434486837,30.076335354431627,29.748142756787473,8.172785418515232,168.4250221827862,10.642413487133984,41.97084426541953
0.49,28.96636211936212,43.62724777691445,60.088649967316634,30.055759999999996,29.758016825382875,9.5763591021941,172.79751439113758,8.824168886668888,41.65060064655566,0.02,28.954285714285714,49.14857142857142,49.76,30.181028571428573,29.748142756787473,9.907397619047618,246.86190476190475,10.526904761904762,41.97084426541953
3.1000000000000005,46.318747988804105,58.04685327528946,69.42175157708115,30.004950094120932,29.758016825382875,9.07627024097922,183.63532493319263,8.208490912845361,41.65060064655566,0.89,48.769668737060044,55.161231884057976,80.84549689440993,29.904987229133386,29.748142756787473,9.002199792960662,203.1630594266692,8.207879673608575,41.97084426541953
2.2999999999999994,56.865356640767935,65.69155601859224,76.02583587550954,29.956300127360564,29.758016825382875,8.448934824322675,187.9010779370924,6.78199638418479,41.65060064655566,0.09000000000000001,61.169835164835156,70.60489010989012,73.83315018315018,30.096130952380953,29.748142756787473,8.57042509157509,222.08333333333331,8.036959706959706,41.97084426541953
2.0300000000000002,56.88426286974674,66.54151452386377,73.53579436432872,29.935290112201976,29.758016825382875,9.106068645870259,182.53575933524627,7.7478923344070605,41.65060064655566,0.22,54.132930402930405,64.88972527472528,71.63331501831502,30.13946428571428,29.748142756787473,9.178571428571429,106.9908702444989,4.682857142857143,41.97084426541953
3.5400000000000005,59.68515678200786,69.47911174805354,74.59930595233519,29.94202618690655,29.758016825382875,8.08318589703927,156.72246339611561,6.6912159137159115,41.65060064655566,1.71,57.70173992673993,64.88534798534799,79.96181318681319,29.90091749482402,29.748142756787473,8.639414835164834,175.12060142327866,6.14904761904762,41.97084426541953
3.54,51.55757856938442,59.034401125241196,78.78813333402488,30.03166080745342,29.758016825382875,8.731815427570098,159.96480849516007,6.284173686966041,41.65060064655566,2.61,46.871419849991284,51.14558549915693,87.13239287167859,29.99744285714286,29.748142756787473,7.90809000523286,87.31760775456428,5.015,41.97084426541953
3.9799999999999995,41.55466650537948,49.193584407049016,77.65448662044398,29.991561581452675,29.758016825382875,8.848708640426306,189.24939548028973,8.94251108612065,41.65060064655566,1.02,32.06863611757701,39.59987396019416,76.22423861852432,30.097521889704502,29.748142756787473,9.065272890164021,212.65469153178515,9.731638517475956,41.97084426541953
2.32,33.73890079184333,41.229100038105784,77.27069459467735,30.10489500658762,29.758016825382875,8.450207420402654,190.98837196757134,9.283397773560377,41.65060064655566,1.14,36.16516357206013,40.71310513241548,85.22472611679508,30.14041915113872,29.748142756787473,7.292164418340279,123.98948776091632,9.701941391941391,41.97084426541953
1.4100000000000001,25.114289780353324,31.205190398402003,81.72696982748711,29.97830069193572,29.758016825382875,7.71815680708094,179.13163067161057,8.323775463939448,41.65060064655566,0.06,18.52619327511569,23.573377971007282,81.77314244663383,29.68093272267185,29.748142756787473,7.230224446849445,222.4764075905026,10.41618380560062,41.97084426541953
1.07,20.928112939764716,26.718737629279833,79.57069224847028,29.90486988164061,29.758016825382875,7.7817354814540804,180.21717153865376,9.660306681399451,41.65060064655566,0.05,20.35696145124717,27.17549886621315,76.33232048374906,30.072450828157354,29.748142756787473,8.084123242630385,139.38737717309147,10.236904761904762,41.97084426541953
0.8300000000000001,15.823130961960219,23.79264885487355,72.97960515466077,29.986299120082816,29.758016825382875,8.294776060539666,175.22730936024178,10.091543871713503,41.65060064655566,0.13,20.497552483358934,27.870352684640785,75.09994199904655,29.897203209109733,29.748142756787473,8.671333292723835,174.09050208638638,9.354495059178038,41.97084426541953
1.9900000000000002,20.596137764043984,29.439495269683672,71.40789466834461,30.09039090696587,29.758016825382875,8.453816050102773,178.19749047015964,10.472185671658496,41.65060064655566,0.4,22.621262617950403,32.348996050032916,69.86856073074391,30.069544720496886,29.748142756787473,8.656924168861092,169.4602335068925,9.368368718455125,41.97084426541953
3.47,34.61123110191918,44.45971405385956,72.02409094798908,30.04463024142524,29.758016825382875,8.368911649253691,191.8736859987386,9.602643952830089,41.65060064655566,1.17,31.20154407238806,39.28304930432808,76.72616453867093,29.97440427905428,29.748142756787473,8.271360459765575,183.5656459528582,11.174359988413697,41.97084426541953
4.42,43.70941147564891,51.74928216480935,76.5162356227046,29.965261819026384,29.758016825382875,9.026503465924172,204.26117797651864,10.708279875369271,41.65060064655566,1.62,55.24114956502539,60.98290263419119,83.4710740548744,29.956652930402928,29.748142756787473,8.001616780730412,152.9368169907676,7.398208628864822,41.97084426541953
6.059999999999999,54.87802454300767,62.382021528051254,79.3177741070089,29.959592231306,29.758016825382875,8.311538677158547,146.48227885225575,6.316875627808303,41.65060064655566,0.79,61.06426501035196,69.50238095238095,77.13549689440994,29.93883374741201,29.748142756787473,8.596723913043476,176.45839450404668,5.932308488612835,41.97084426541953
3.6399999999999992,60.68906030855539,70.06205788601301,74.26223277657358,29.940246013902467,29.758016825382875,8.62758216276477,201.35749500616262,7.721681214998186,41.65060064655566,0.74,63.70631469979296,71.04268492377189,79.4589356295878,29.880943722943723,29.748142756787473,8.745700310559005,165.40189158667417,7.174331827592697,41.97084426541953
0.78,59.18010752688172,68.7244623655914,74.53494623655914,30.04504154447703,29.758016825382875,8.89784946236559,165.5399734673928,6.278225806451612,41.65060064655566,0.0,54.482142857142854,63.214285714285715,76.05357142857143,30.19220238095238,29.748142756787473,9.57642857142857,111.73395445134577,6.095238095238096,41.97084426541953
3.58,53.37781400966184,62.921647342995165,74.2963260869565,30.016577720685113,29.758016825382875,8.97631722222222,165.4198607189911,6.739154589371982,41.65060064655566,1.44,47.57142857142857,53.904761904761905,82.17857142857143,30.124940476190478,29.748142756787473,9.10767857142857,116.44221720308677,4.458333333333333,41.97084426541953
3.0500000000000003,37.13222066386161,44.07330177653109,78.59494506778867,30.099358976157085,29.758016825382875,9.109749298737727,156.6286369278704,7.332684137899833,41.65060064655566,0.74,27.68673913043478,33.88414596273292,80.08118530020704,30.126565942028986,29.748142756787473,9.363413561076602,141.2977975298065,6.1935535630802105,41.97084426541953
2.1100000000000003,28.303557971014484,34.330946859903385,80.15300241545894,29.909790869565214,29.758016825382875,8.152532729468598,165.48949494949494,8.46777536231884,41.65060064655566,0.13,24.13095238095238,29.25,82.05952380952381,29.885297619047616,29.748142756787473,8.37125,197.95289855072465,8.315476190476192,41.97084426541953
0.88,17.788978494623656,23.83467741935484,78.52150537634408,29.988386021505377,29.758016825382875,8.521179569892471,180.75696587190276,9.34698924731183,41.65060064655566,0.39,19.053571428571427,24.779761904761905,79.6547619047619,29.989583333333336,29.748142756787473,9.163928571428569,179.03985507246375,8.511904761904761,41.97084426541953
0.14,2.24713788741303,10.288277919863598,71.39835065863655,29.99511003584228,29.758016825382875,8.027571323743095,174.0605448142264,8.763465400884755,41.65060064655566,0.0,-1.648809523809524,4.857142857142857,74.77380952380952,30.24438492063492,29.748142756787473,7.384761904761905,140.77438463308027,5.914021164021164,41.97084426541953
1.05,3.1727484472049703,11.522839026915113,69.93012422360248,30.03411633452526,29.758016825382875,8.295325,156.64031563387152,8.652220332577476,41.65060064655566,0.5,1.6071428571428572,8.625,74.05357142857143,30.07871923076923,29.748142756787473,7.450145238095238,110.50274725274724,7.474523809523809,41.97084426541953
2.8099999999999996,18.009423796166434,26.47143057503506,72.22372954651705,29.984420312872984,29.758016825382875,7.955514156885902,162.9846309487786,8.349508464934411,41.65060064655566,0.52,29.625626293995857,39.26980331262939,70.3881728778468,29.94086111111111,29.748142756787473,8.44008370927318,222.27272996154983,9.720422951789413,41.97084426541953
1.33,26.836857707509875,39.759984189723326,64.41205357927097,30.061905209339773,29.758016825382875,8.42608495169082,149.46911408773727,9.259660420631436,41.65060064655566,0.33,32.50475155279503,46.46595238095238,62.851573498964804,29.915242328042325,29.748142756787473,8.771631573498963,175.16705281146275,9.80074764205199,41.97084426541953
5.989999999999999,44.494808321645635,54.60486676016831,73.71883824216923,29.970637841191078,29.758016825382875,8.732147592332865,116.70928624904782,7.0849624195346514,41.65060064655566,1.7000000000000002,53.595238095238095,57.61309523809524,87.72023809523809,29.781488095238092,29.748142756787473,8.205833333333333,152.0600414078675,5.625,41.97084426541953
2.4199999999999995,54.10154106280194,64.28147826086956,72.40850966183575,29.897837246376813,29.758016825382875,8.993893236714975,172.48495608256476,7.294297101449276,41.65060064655566,0.01,60.379047619047626,72.37039337474121,67.97459627329192,29.92105393374741,29.748142756787473,8.499296273291925,218.32712215320913,9.733840579710145,41.97084426541953
5.2399999999999975,61.17726007587661,68.2693804601379,80.43906098659964,29.893150597371566,29.758016825382875,8.287560346604089,169.90428562816695,7.177748485822026,41.65060064655566,0.7100000000000001,61.64738816738817,67.48170574795576,83.1811586099086,29.97874761904762,29.748142756787473,8.331194829244827,180.5853174603175,7.821836290071585,41.97084426541953
2.52,60.88006565719808,68.17840920288258,83.31698851680085,29.980523202033776,29.758016825382875,7.618907625951071,156.77615564045666,5.797207045416972,41.65060064655566,1.1,55.42692715907002,61.21604698390412,83.10536696250982,29.988109523809523,29.748142756787473,8.47591824198967,188.75898633063676,6.138180132479922,41.97084426541953
2.5300000000000002,53.35676028831373,59.764700528201985,81.77317268460601,30.07800803159267,29.758016825382875,8.56891852211077,130.48965238739794,5.837525447872799,41.65060064655566,1.64,48.972467294610155,54.691166928309784,83.40972004186291,29.9077693877551,29.748142756787473,7.981108398744112,165.58987892239125,7.552459445316588,41.97084426541953
6.81,38.42987966743143,44.687074403639045,80.84900708384029,29.933404410659985,29.758016825382875,8.312588496984032,157.17356051496802,7.190410352855387,41.65060064655566,2.9000000000000004,40.80484100616991,45.77407451352634,84.60741575700048,29.965862271062274,29.748142756787473,7.937096661920582,138.32874545166905,6.293130042714759,41.97084426541953
4.17,30.428859858712066,36.88448625325266,79.13917902598715,30.000580806726273,29.758016825382875,8.237261668187205,149.11688372306676,8.9321394583826,41.65060064655566,1.91,29.326635089081893,35.63638093744476,79.98882530637852,29.789262716657543,29.748142756787473,7.531644735145405,157.67041735354428,10.503339967565974,41.97084426541953
2.5900000000000003,18.17563422872734,23.052719187892002,82.40614449154434,30.0034206421339,29.758016825382875,6.74207222222083,144.86651243936228,8.017302907282318,41.65060064655566,0.47,23.887673122206216,29.05781389975445,82.1572984321158,29.990606198350765,29.748142756787473,7.735952152036764,149.77953081401355,6.983919073081634,41.97084426541953
0.26,-1.7416373438124872,6.235914069351818,70.07456024500914,30.011930131360916,29.758016825382875,7.544933033757776,191.13667100887923,9.76879170417485,41.65060064655566,0.0,-6.291725320873011,2.3528827873492806,67.30633204899634,29.965343760262726,29.748142756787473,7.7175810118097035,168.2191300560067,9.999292022401033,41.97084426541953
0.31000000000000005,9.961655827091642,17.791551287123756,72.87210900064186,30.150740640597817,29.758016825382875,7.951947933718124,147.88959149735095,7.324110600049966,41.65060064655566,0.0,7.662414965986394,18.483843537414966,65.0969387755102,30.296369047619045,29.748142756787473,9.665170068027209,178.92672286305827,5.847789115646258,41.97084426541953
2.0900000000000003,24.481829546010072,31.087171721849646,78.24568412781305,30.11198263027295,29.758016825382875,6.934492628901222,124.55081869575763,8.409621818382943,41.65060064655566,0.8400000000000001,36.28653783936392,42.297842416103286,81.78339798861539,30.244128571428575,29.748142756787473,7.114483928762189,81.6994227994228,6.439047669917236,41.97084426541953
2.54,30.645213678332013,42.263704347995166,67.64408302023,29.96110913805463,29.758016825382875,8.237210051796541,160.36699564759004,9.496368121963735,41.65060064655566,0.45999999999999996,34.15433380248651,49.35836265540699,61.00267417311753,30.01317646652864,29.748142756787473,7.900111573648026,189.53258243327315,11.190323052759336,41.97084426541953
4.23,45.90503423022268,55.97633099246429,72.74356589446366,29.96440495850089,29.758016825382875,7.97667159636632,161.97148078083472,7.607720285854303,41.65060064655566,0.26,44.51967865467866,55.323752675895534,71.49082774368489,29.785380952380955,29.748142756787473,8.55176105323248,156.44977836419721,7.176571999429142,41.97084426541953
2.94,51.5051714313089,62.507499384291,70.45043265466504,29.952363208047988,29.758016825382875,8.931244911027816,191.15167991330443,7.576637744661739,41.65060064655566,1.33,50.21466369286927,59.60961353396895,74.07870167579226,29.976774603174608,29.748142756787473,8.741606470881033,212.77367648258422,8.57941934372248,41.97084426541953
5.109999999999999,60.883994520735634,67.96356252739142,80.28822645073635,29.913676768439604,29.758016825382875,7.753826752707222,140.68768145951526,5.350283136259473,41.65060064655566,1.5899999999999999,60.76603621941967,65.60426553396478,86.26288060310617,30.054228571428574,29.748142756787473,6.707452946802569,78.12348741937959,3.1108446440777264,41.97084426541953
4.72,58.52822297204837,65.20897639586603,80.63087927412191,29.973952475395887,29.758016825382875,7.875582632034634,178.5042238338719,6.458831963104872,41.65060064655566,0.9199999999999999,64.16099510943765,69.64501225591452,83.5191068330166,30.012592305037952,29.748142756787473,7.2031024996754045,160.36658091782314,6.903682626896912,41.97084426541953
2.799999999999999,52.64373538721262,59.24731055030431,80.73665338158509,30.130598659936414,29.758016825382875,7.975567166892807,131.43594744877888,5.64972804078136,41.65060064655566,0.01,49.802811986863716,56.67725779967159,80.23119868637112,30.04971666666666,29.748142756787473,8.489777914614121,110.63711072166915,4.3843185550082096,41.97084426541953
1.43,38.800962919740904,45.88640409559297,78.40767107602048,30.019791632202917,29.758016825382875,8.403468356965554,133.65489753766943,7.367554125794846,41.65060064655566,0.43000000000000005,36.04297837828266,42.043742290133586,81.0510341646998,30.033957142857144,29.748142756787473,7.69455701800985,93.35041178448043,5.507592056673786,41.97084426541953
2.8299999999999996,29.21157109127007,36.25899804474546,77.19446774394011,30.105714999999996,29.758016825382875,8.292167255851782,167.7819593702167,7.3821063891452505,41.65060064655566,1.14,28.23,34.8748076923077,77.86063186813188,29.96155238095238,29.748142756787473,8.39563782051282,163.08175664914796,8.006639194139193,41.97084426541953
3.3499999999999996,15.576573484018022,20.518051822678252,81.69823698275007,30.027674820460298,29.615714285714287,6.765803241856343,154.2326936857813,10.152518292245391,46.714285714285715,0.2,12.747303141904535,18.184159133841245,79.52510531448502,30.30019175824176,29.615714285714287,7.242435147117367,154.40827394571633,10.305820722657854,46.714285714285715
1.51,6.842595033153916,13.301351636268343,76.24229476027983,30.270295114539504,29.982849087635593,7.253274674568236,137.69128554821316,7.368684722608362,11.910469337226921,0.03,-5.018772143003543,3.2343046974887515,69.7237343717975,30.36083333333334,30.081333860373416,8.443302198928352,93.59071595475169,4.508740569398491,1.7001510360241656
1.25,12.426643475834421,19.222612862011914,76.36315683864834,30.13944940476191,29.881349105364382,6.8063068965897235,145.17857625100882,6.171929809055726,17.45992140343366,0.02,3.5214052287581694,12.673716153127918,68.42917833800188,30.181071428571425,29.918900560224085,9.225863678804854,140.95728291316527,6.570261437908497,10.610714285714284
0.63,15.737456667328058,25.592711720731383,70.4669489002601,29.866115591397843,29.608778670553324,8.200887648790447,172.73494708942246,8.283605418514119,22.517433093768798,0.15,24.683073360277007,36.41591820034069,74.03606750392464,30.01142857142857,29.761282145918923,8.541504392264272,95.3553137740225,7.228353485420355,32.20218472004186
4.47,31.793358979068568,44.79093890735016,66.58913276791556,29.93476820220842,29.692451943313095,8.779016285052165,145.3639970672544,9.248727018116812,39.494209993914765,1.7199999999999998,40.29688872530978,47.044946418775815,80.28055530071865,29.67083333333333,29.42358508548318,7.924279952503637,165.53209530940927,9.143482853101728,43.940768402801076
0.8800000000000001,39.172996580242824,51.20260705427425,69.80341752442156,29.9910679374389,29.75439685950058,8.770195853105228,133.82679936157888,8.199651796214928,46.10246597102944,0.18,42.30921179407204,55.750095397183905,75.20885967035035,29.859253246753244,29.623065670569936,8.517370129870129,117.87726129796422,6.556624810662077,51.38227192062596
3.09,60.09889692738654,69.08717131808996,75.70480529301351,29.909986111111113,29.68359208415827,7.462938446937979,153.96616196783097,6.3587044928396175,63.55784348979424,0.11,65.22678363303363,75.44441391941392,72.90274309024309,29.9697619047619,29.745643793706304,7.445756327006327,140.2951109736824,5.741491841491841,68.80848734598734
3.5199999999999996,61.73021075977276,70.47023960496739,76.18898916600364,29.960340112201962,29.734423545168518,8.173811567886272,145.10413086339386,5.745494315263608,65.03288502459688,0.34,58.06469729579175,65.82900877348457,78.86613889310892,29.98041666666666,29.751259366753317,7.981344653969942,133.4936584112361,4.41872358951852,61.13047431958722
5.15,59.864984185109584,68.70874969544595,76.30821406768248,29.96338709677419,29.736244375920478,8.188600925146828,142.98592359116503,5.71759611116429,63.315938731788016,3.98,59.56472271182721,67.55153870912913,79.17282752565909,29.916904761904757,29.68816395387586,7.612397701555539,97.67591827244733,5.282813593664891,62.6790648031788
4.909999999999998,54.325408657335,61.73929368272333,78.84005214830168,30.036777777777782,29.799302060621066,8.100053821879403,169.22680574199796,7.3136194066300595,57.50202850308006,1.9700000000000002,49.2353554694189,56.31615303079834,78.78405252261088,29.97654761904762,29.724784601962273,8.357067782386514,188.49500310568766,8.939447185156569,52.60032456918693
7.75,42.935408300397185,48.36410028580471,82.82363737654212,30.02891129032258,29.79717700219625,7.766865960372304,129.07500629103353,7.983619972478881,45.76361438932126,1.22,34.769034154573646,41.753511375535844,77.66053208934188,30.07386904761905,29.83245536721343,9.294257179602008,179.15688881011465,8.827133637589698,38.753530062818164
3.6899999999999995,30.545424775645742,38.12179948707214,75.64159192655542,29.945083333333333,29.69447196650481,8.238455831601113,168.10101443998798,10.08200643669617,35.03354477316633,1.08,27.1243006591361,31.79957547600097,83.91050927096002,29.97660714285714,29.708399096468437,5.8792458748685155,129.58259089429805,8.034708450496964,30.01666893198319
1.4700000000000002,16.714708974408374,22.16419093655381,80.0546228956765,29.966975806451615,29.710681217585435,6.884044239320297,165.60241065266283,8.343595573768072,20.539818831880854,0.39,20.91607453008924,24.884395004784512,84.92158237925368,29.755178571428566,29.50644942554854,6.638728241050502,130.2969829374166,8.203472257963865,23.638917056408527
3.0199999999999996,19.778241154688565,24.65186256464562,82.33526228171766,29.95306451612904,29.686358648260338,6.521383461631817,139.7264680454447,7.7351719325328085,23.109949094247902,0.17,21.20872434443863,26.286213320235877,81.99030956512159,29.970714285714287,29.69795716626731,5.80639694474281,163.53426606810064,10.429070004070004,24.547149543578115
0.9500000000000001,13.131988878864442,20.67488982626207,73.62155158536912,29.927496118012424,29.662169117429595,7.302581970236673,187.0269481647054,9.660321211616393,18.694418570377056,0.04,7.794268879028691,16.21608028610426,71.25715373585767,29.987738095238097,29.712276514935343,6.153987688029372,202.44260498332918,9.400179528517688,14.321764979336384
0.6400000000000001,19.282791883594307,30.526122836680276,65.36118962712331,29.989020517234053,29.732323773254173,8.749257383864352,212.342473073156,8.33925734987655,26.807537540779705,0.0,25.63642857142857,41.3147619047619,58.39785714285715,30.11934523809524,29.87774047619048,9.751388888888888,151.89777903256163,5.188095238095237,34.97666666666667
2.6,32.650037358278894,45.32118419288874,66.03789636918003,29.95659307014241,29.71583925530513,9.055141468346095,153.96310859303586,7.831550397674705,39.843295220291026,0.55,29.703519042025412,43.51620562203376,65.13277407737289,30.087797619047617,29.836875664244193,8.941438403318317,125.44415531971057,6.838536382294853,37.96628274965901
3.9899999999999998,47.19755972674672,56.76002385229226,73.79122405175522,29.85540322580645,29.62212599666207,8.420399629789026,127.00974129354601,7.4816147521760445,51.772252969543665,0.21000000000000002,57.71599567099567,67.13993506493507,74.85277056277057,29.911369047619043,29.67560714285714,6.944437229437229,131.9055557055557,4.682077922077922,61.548095238095236
4.67,55.696538718482195,64.20160575359613,76.60801945677348,29.92264,29.69485937552889,8.522594380367178,142.5369826109707,6.602628782144803,59.22089997659257,1.54,59.72420968387355,67.73500400160063,78.01159463785514,30.009940476190476,29.782912198212617,8.524449779911965,115.99162983165617,5.335814325730292,62.94454781912765
3.58,62.50239953788729,71.49957480443982,75.31857759342071,29.9158940860215,29.68866023250828,8.402107295719384,167.85620940472091,6.015804474265524,65.9002977707855,2.21,65.87029356545484,73.20472350230416,78.89901006997782,29.821309523809525,29.59688897422768,7.641966571574865,174.95569284172524,6.090591397849463,68.5384621949138
3.3199999999999994,56.36613586385661,66.1972819400485,73.00691297872396,29.97903709677419,29.750709060246486,8.90065985501405,165.75894414572582,5.772972978466099,60.45020337563255,0.34,52.63683051183052,61.15068124443125,75.56505234630234,30.061330952380946,29.832384721071964,8.87872487872488,107.91579688008258,5.225952257202257,56.42689928196234
3.04,51.03011187176623,57.387382381200915,81.14482254780916,29.974083333333333,29.740916371368545,7.6257190562448365,145.56531048702482,6.115576157993573,53.96685518725401,1.02,45.67129352954224,53.509127001871455,76.76929372625675,29.794880952380954,29.55340521856831,8.558167632672205,190.72271737316265,7.924038013018497,49.50381329749342
0.76,38.5327825012365,45.60799954368362,78.11867922007937,29.90421397849462,29.661326112736088,8.444245299608212,165.4516298090976,7.7028184921599765,42.385549207808815,0.05,33.85313018196023,41.828888327034875,74.51821778790375,29.745833333333337,29.49235864075181,9.490424834174835,198.43189234137512,11.248560192304035,38.49377705555661
3.210000000000001,32.97054598935015,39.38972166217085,79.1070546312014,30.113019841269843,29.86260614772008,7.94912680678471,131.4774576095764,6.434009062939226,36.789916555185364,0.9,33.41861185644752,39.233823803856026,81.25318847311328,30.21154761904762,29.969791475724612,7.428181492064414,77.39098608352099,5.803177655943499,36.666158536163906
2.8000000000000007,24.704386989701415,31.377347438885682,77.26890008824628,30.096639784946245,29.846610199698674,8.079040493918786,174.6336211176954,8.717181876187686,28.976864052978083,0.92,18.426329336462278,23.655788320912475,80.84219138671368,30.20404761904762,29.949708077564768,7.694871727209937,140.78835662848812,5.381315987903876,22.076541431432528
1.8500000000000005,12.523500180760282,20.309449124168847,72.59095536331067,30.014031089294058,29.74844760364778,7.999412663188679,171.2274793157974,8.116073884871465,18.210503319034572,0.0,-7.998282597496476,-0.049805406033381114,69.5762345994116,29.92642857142857,29.65560478736949,8.2131664918932,126.53586889301175,5.018925277620929,-1.2685855867273599
0.11,3.0010594142008613,12.880717960419556,65.52689075436254,29.91687625235318,29.666416595937758,7.821410527846735,183.32349686309266,9.014430912553562,10.819343742462868,0.0,5.322430947430948,15.891025641025639,64.09700772200772,30.031138716356104,29.777070512820508,8.995054945054944,136.78981525720658,8.043223443223443,13.33085833085833
1.8800000000000001,17.611088655632752,28.318489728333297,66.9280855058576,30.127148784478727,29.862566307562197,7.175729163945373,175.9248973003468,9.644633755111377,25.107521091411826,0.45,24.66744844983344,38.312013673999154,63.558531291582135,30.310654761904765,30.060528644348263,7.909591275814036,171.37500841206494,5.555035665205156,33.64147548620914
3.2400000000000007,32.17349958054155,42.27939720187239,71.9025034617814,29.87617045454546,29.630808500871296,7.938196372504905,156.6127508138001,9.274276452091382,37.969787098995006,0.51,38.63093108441946,48.37627272137239,72.50493623209572,29.883154761904763,29.64325432319618,7.946877573331061,179.9886959812209,7.6847981291502885,44.04825845066709
2.41,39.949303631871906,55.70885443331576,60.73726325645823,30.105011404366245,29.87410157325668,8.630617523463535,159.44113788909516,6.819724890239563,48.24623237791593,0.61,52.51911854485384,63.267474083650555,70.92385800474035,30.10136904761905,29.869345163278986,7.513393605305369,176.3621634978778,7.160486844310374,57.25545111206876
2.2300000000000004,55.3016361453063,66.0465842234508,70.95221999218776,29.915434178743954,29.686458590233396,8.474257059398058,156.05754656784117,6.5162391416306615,59.75464271624724,0.5499999999999999,56.460839598997495,68.69508592910849,67.437701396348,29.99519409937888,29.764470551378444,8.677295918367347,207.3358585858586,7.883369137128535,61.35351772287863
5.49,58.39423134059056,66.25945048251974,78.10933268804195,29.918625419694845,29.689642822515015,7.139634196159083,142.44659751512359,4.920457677165665,61.58267062208122,0.33999999999999997,61.96692630055633,69.19162933897965,79.97219662718707,29.963024891774896,29.739549460412782,5.833988692794437,99.42392703262269,2.8457573431763206,64.62519114810449
2.0899999999999994,56.84502200572909,66.04911698807416,75.00168810664017,29.954454184198223,29.725559836654316,7.802162413357224,127.9980279548812,4.996261696850555,60.61626612386123,0.47000000000000003,58.44495007383998,66.04042410919881,79.36241090875421,30.00720238095238,29.77711451440344,7.4804196953201005,118.14802577596696,4.082790598240156,61.4650597511732
3.23,50.67330180291847,60.655071234519845,72.71804210195776,30.07094927536232,29.83781916473026,8.6149882119154,137.90788572857713,5.601384115575181,55.06329178016937,1.8800000000000001,53.16322751322752,61.8147237682952,76.1782793925651,30.06162784679089,29.831102607709756,8.423325087610802,152.35311714375754,6.163071188071188,56.937526626812335
4.7,43.578449620807284,51.66248363079125,76.40107498094268,30.030082211313697,29.790789289765517,7.841814821746482,125.89328967479801,5.992073031153544,47.648941480190885,0.99,35.501018133005715,45.490785611903625,71.24161035651719,30.246471428571425,30.0019621180718,8.532521955270402,115.81971082747482,6.740248105931335,41.042711435663264
3.2199999999999998,26.411531313713063,34.02551577006314,75.07592141477079,30.040619202898547,29.78422961224263,8.242095417766352,144.6587747645108,7.392657907336348,31.203187345875733,0.6799999999999999,23.922113582275013,30.447004240292607,77.33501777904144,30.080297619047624,29.81393046692362,7.316769690332274,190.37174917814013,10.149580007441573,28.204531373953092
2.07,15.96775055470937,22.15128016152434,77.49637126123565,30.109547685834492,29.833621714047997,6.33660133440765,146.05958396689545,8.343833131160599,20.332953999966428,0.52,25.876109152840723,31.594602991783365,79.86972231519478,30.070714285714285,29.81073331166444,6.7660562916030145,149.6304152226681,7.899988356478652,29.50327964531647
1.37,16.011166041322173,23.18503279307734,74.78682305584216,30.06738440860215,29.803677875325437,6.950664794509395,152.4875512558288,8.721738141732496,21.110349266844924,0.31,11.291868183659659,18.97523256313579,72.84309807895637,30.08297619047619,29.81390377853713,6.554590556333067,109.817277096943,7.97201488028101,16.941112785064398
1.5900000000000003,12.985796402458114,20.054080099244008,74.80569760157084,29.99705459770114,29.719962371700724,6.011931703837729,146.95623399027826,8.799065680884915,18.20024069882459,0.13999999999999999,9.674618950144161,17.57888911975046,72.272017909728,29.981309523809525,29.707359343737494,6.332692596269276,168.50051687341602,8.08090665753481,15.662109395040066
2.8899999999999997,15.693898925252848,25.95536924626682,67.63245380126307,30.06463199668494,29.794061871288097,7.459125769363516,169.89907250914297,8.668521732100272,22.974658712230365,0.16999999999999998,18.5198911488956,30.577482917527412,63.275569415752955,30.208809523809517,29.952827824566974,8.570011653159595,165.46170693455116,8.237422532973145,26.766698448011017
2.2,32.62661535915831,46.9751944745721,62.0785520566935,30.060593434343435,29.818584655719942,9.06548127664735,146.48411724165382,8.07293286861094,40.57741328800013,0.99,36.9710701484895,52.03720771462707,61.45317033623485,30.009166666666665,29.772542421989037,9.399142878477557,164.84438287859945,7.8774748250554705,44.93400906111432
2.89,39.68324943710743,53.54967250739485,63.53557334404983,29.823606241234227,29.58724014442194,9.356544488705179,158.6399857212174,7.640761416294346,46.88313775425281,1.86,42.613458049886624,57.28316326530613,61.38787981859411,29.93347049689441,29.700913570556427,9.315759637188208,187.77003910068424,8.165691609977324,50.05925170068027
3.95,57.81134058567343,65.28687285981601,78.84834052550936,29.868433908045976,29.634498748249907,7.7844233575512005,147.79488197024054,6.183589233974099,60.819608359805045,0.29000000000000004,61.561958874458874,67.32563131313131,83.15104797979798,29.837500000000002,29.592853903834254,5.925217352092351,124.41561662543803,4.622159090909092,63.809374999999996
0.54,60.39010710671327,68.78351836541492,75.86881485792556,29.809114583333333,29.66302349647175,8.936512097333333,189.64126572157423,7.175068040449167,63.587790029759184,0.24,60.54873973912087,68.71083498238671,76.87854579714835,29.791845238095245,29.57223200371249,8.748447581523806,174.54905666021818,6.496535492134404,63.68081290390728
1.86,56.665345359657806,63.68638941239482,79.9971192581543,29.934475806451616,29.706953076287494,8.329565735847417,132.56728062612825,3.9622466207306677,59.54564739081661,0.0,53.51175913775792,61.76423006218072,77.2346984639814,30.051726190476188,29.819059827350937,8.469159001548624,102.6085894781547,2.985999868584962,57.046877577553936
2.1999999999999997,52.14285699833683,58.711481850462995,81.15388620908625,30.104333333333333,29.874391984367335,7.572306546538359,124.87405336154171,4.444169902957265,55.06837589452992,0.45,53.19699167841649,57.400897488731424,87.04422669948192,30.156607142857137,29.930923309622358,6.65669770587148,87.92750318650232,2.7003548836296862,55.04963802589538
4.0600000000000005,36.98025997222568,45.25403740237009,75.05047649731169,30.109489247311828,29.862977271114506,8.702515994855377,142.0533668746137,5.701333852491534,41.506376233355404,2.5,34.87930047795516,42.62030743974608,75.47116424209435,29.895892857142858,29.629770243501127,8.344927411958572,215.00923773764822,11.20290445370695,39.24571350279242
1.7600000000000002,28.5070485698869,35.13679295962394,78.34909209832809,29.997363984674326,29.75396538565395,7.667250281352133,153.46422581360264,6.160466042488611,32.738880123395795,0.22,29.663504075945507,33.651343535947944,87.13793650923344,29.761564814814815,29.509667990078142,6.893831183390237,152.89664660369334,7.127328928775223,32.16661088427252
2.23,16.060044307817968,22.60749800404614,76.7753983408826,30.05817693059628,29.784332104724704,7.285700652315509,153.20563664033233,9.36081096396822,20.615624981454932,0.27,20.5343073369503,28.028430230142597,74.51738378340698,29.997857142857146,29.706875642359226,7.640474285401195,161.63780127278463,11.597288882944829,25.516995816975744
0.7,4.537882864957765,12.039011677988734,72.90017260709395,29.981258098223623,29.733937568021027,7.125007327917641,159.50280855977041,7.991790337400681,10.408512492691134,0.26,7.977964374335343,16.142164585712973,71.93811411109799,29.91586363636364,29.800368126912765,6.380236182468325,169.45017284302997,7.984251066393924,14.164370724854598
1.42,14.279512582476931,21.83028137900219,73.53637145540631,30.029270833333335,29.767165125362734,7.864737876242399,168.23637179205699,7.619939990772104,19.712227666353435,0.44,15.062891521464389,22.625224324024263,73.42832885445705,30.169821428571428,29.926307033432654,7.502266813275725,179.30752154651265,8.144689375862125,20.459202113664606
1.15,20.191332251665337,31.62747414179893,65.41122997898322,30.173991935483862,29.919119923833073,8.658711563352862,160.181678236896,7.8268203999843875,27.951931535259295,0.7500000000000001,32.715131323990015,40.5007093751659,76.67122836704358,29.928988095238093,29.67011195187663,7.78550980118915,123.55860042735041,6.7252465559802515,37.32827689520624
2.47,31.671505094615444,45.676754472123775,62.89918107495728,29.954694444444446,29.710381153156884,9.184897766860393,159.21781759777352,9.15798843411736,39.757011179272354,0.56,40.03809523809524,58.284013605442176,54.91870748299319,30.203749999999996,29.9676343537415,9.746598639455783,165.03801995106343,8.465986394557822,49.257312925170076
3.7600000000000002,42.28171856267542,55.359038334851064,65.95491711211513,29.987352150537635,29.750175392682035,8.933680387985497,162.68545976888538,8.27115832878962,49.064093232828355,1.1800000000000002,45.70489387180298,54.242820967849866,76.03908976261141,29.887678571428573,29.647865504075558,8.298088074300262,146.08954534791974,7.916569084351104,50.19542600904411
2.78,53.88969291370903,61.92514589414372,78.06611563501156,29.863847222222223,29.635784000493782,8.093328312616512,99.16241051618961,4.41413594349369,57.39821349597125,1.86,61.57985652271366,67.95935093435092,81.62347451990308,29.648750000000003,29.4310637576709,7.440618623654339,127.52668881108018,4.839122599836886,63.91031091388235
4.969999999999999,59.34770882421522,66.17263121036946,80.15953144729401,29.885873655913976,29.657014521629044,8.409183190537483,140.93424437965515,5.767160014749279,62.05873512189904,0.61,63.69722157697767,70.90537101561492,79.32435927216416,29.807023809523805,29.580542082849398,8.134943218479803,144.5974907540125,5.706615047102852,66.35328623048134
3.5999999999999996,60.133373532113744,67.27317043017077,79.89521748354481,29.968037634408603,29.741282056693688,7.613752155114237,140.926541561325,5.110642915697651,62.92570863314531,0.59,51.825999867611166,59.20651522711323,78.87261807959483,30.015833333333337,29.7956378016594,8.219638846756787,129.21704888164513,6.379110000372458,55.132530739839716
2.63,49.701841433994716,56.82491113300558,79.44753986184641,30.091263888888882,29.857256301768132,8.177086674810248,123.32592154295327,4.728388973504513,52.96501046381588,1.25,46.995725623582764,53.09697656840513,81.41321995464853,29.8372619047619,29.603273861925718,8.119932917611488,145.5341114467765,5.820495086923659,49.97837849425485
3.2299999999999995,37.94167481766749,44.79010432863563,78.64114734133727,30.024335637480796,29.783106167931823,8.45643355583952,130.38705515421972,6.383273663053956,41.79121184318007,0.52,39.67739470158773,45.30726208103379,81.9439697389253,30.069107142857142,29.83358713183214,6.977573345127524,83.4226788198117,6.514163734143543,42.796559685659155
1.72,33.252929381991684,39.80535244580123,79.35594430768226,30.12411111111112,29.87943199559242,7.995298750542415,127.79082856093103,5.07198417859257,37.03196620222671,0.6799999999999999,36.33909705718396,40.184371537689,86.83649775544505,29.81636904761905,29.566124647476578,6.319731352081098,144.38706519075052,6.052408770981148,38.59562619629633
2.56,17.732724910580625,23.613391543413236,78.87566344987947,30.057271505376345,29.792159209157262,7.165238175595075,152.0725768376973,7.316685888197642,21.931726058426186,0.6900000000000001,19.995675727842006,24.466946924709013,83.1879621446752,30.086369047619048,29.808951319068235,6.729143111983895,126.16075894179629,8.709038073018649,23.16270848314105
0.8700000000000001,14.61499407545484,20.636724396815126,78.01037938970828,29.989005376344085,29.7336337047526,7.150707706878316,188.4335426858984,7.951088804885523,18.987770700535645,0.69,13.7932922718637,20.994720588598145,74.07390489482326,29.90095238095238,29.636109286665413,6.701898973582646,223.3353902479901,11.46996175210461,19.250976234649702
0.84,16.462537798055852,23.60938005285255,75.00306709597264,29.84639880952381,29.59578302888209,7.767018046284235,166.0880979270326,8.305548051534858,21.54540292277388,0.7899999999999999,28.21220094917574,31.851027020250616,87.00318701307093,29.716428571428573,29.47722953562303,5.926410702884687,57.412265663841296,9.653043208196607,30.419713381695413
1.0899999999999999,25.023102444127936,37.51675787911453,63.60390954094444,29.98950268817204,29.74617583367004,9.317441458728274,128.96045448423556,8.726236071081797,32.90978574321326,0.55,23.838965485859894,36.64470627715969,63.47976019839375,30.031607142857144,29.78374557102663,9.454091870862056,128.28628117913834,7.920714740745798,32.36765812976993
1.2700000000000002,35.04364125399466,49.12769610362063,63.30285318646507,29.904763888888898,29.663917254667197,9.22296808585185,163.23329332040402,6.972416222180917,42.784062058303725,0.6399999999999999,31.1882183908046,48.05822386425835,57.5946223316913,29.672023809523804,29.436140530925012,8.901563355227148,171.5759301085388,7.32895457033388,40.62924192665572
1.6100000000000003,46.146569173907274,58.794090550125546,66.80453370158511,29.97342391304348,29.740321225167893,8.7367623310352,137.4338591494307,6.103927346506775,52.19081539141909,0.01,53.81164619694031,67.78644765598547,63.50371994951827,29.92988095238095,29.709479722658294,8.452293994520886,133.23103922018794,5.4493751346692525,59.6657152371438
6.200000000000001,56.50068111037168,63.92403375113735,79.18292467298771,29.865513888888888,29.62619743234176,7.967782072180944,155.85525841829207,5.671517388570416,59.62702812985665,2.14,59.080756432770386,64.63544742940554,83.43614783295233,29.790773809523813,29.552844049553496,7.897820001337725,176.7237401676177,5.976038222627911,61.35190142633751
3.129999999999999,62.70957430434332,71.9535088492264,74.661578175647,29.90779569892473,29.681825094377277,8.420548659679804,173.64582131438166,6.077899770997854,66.18619759824688,0.060000000000000005,56.62628078817734,67.50967980295566,70.25128078817734,29.92351190476191,29.69554022988506,9.91625615763547,195.0987980035956,6.211050903119868,61.11910509031198
5.529999999999999,60.57176424993551,68.72035761272971,77.14733012642559,29.956387163561075,29.727650977421586,10.0,139.37964985179684,5.90419390992544,63.75501583745247,0.0,60.82074090505768,69.86793108547768,74.49338952972494,30.061365720201128,29.832213976499695,10.0,192.19888548304698,7.136468500443656,64.21866110080396
7.879999999999999,53.314439283302484,60.699668608130004,78.39243425658329,29.908861111111115,29.675090132886208,10.0,165.5304929162682,7.026587070390454,56.4918608882982,4.61,55.255134129123356,60.55649331575881,83.72228699534968,29.85136904761905,29.61872237011641,10.0,129.16954288972482,7.212326229475826,57.50113512386087
4.059999999999999,38.49755021813509,47.437425709765776,73.47457719303091,29.888023609163156,29.64628964454319,9.989277622435914,172.6340781939943,7.203864674246021,43.32585854525216,0.64,39.7560006449297,48.01205632964574,75.73011424831633,29.81696428571428,29.57131300639335,9.96838820094634,166.04055155659103,8.25123115528138,44.17605062629589
2.0900000000000003,28.71029316564188,36.85418146608474,74.01241798883267,30.09602777777778,29.846737021868954,9.993509615384616,141.8311841583103,6.685687107922089,33.7671988106148,0.25,22.160643103395206,31.857030312124845,68.62130813864006,30.060238095238095,29.79883770816019,9.981112637362637,158.19175747221968,8.089235694277711,28.58848058454151
1.57,17.441661676804504,23.50548143732358,78.02196792832015,29.90381720430107,29.647769955504454,7.568569126492473,185.3864347414432,7.36153263630146,21.667396890322916,0.0,15.91216193878237,23.114460720767436,74.42308319375341,29.998630952380953,29.74304547767887,8.597610717406543,144.62351287359067,5.609795856636666,20.920146137099728
0.29000000000000004,9.754046972328817,16.1483184092565,76.1984054804643,30.009574780058646,29.746625070336,6.373187310862469,139.5066177198473,5.537892647890168,14.592825073106365,0.01,8.973986111684946,14.768481283062409,77.95472881366307,30.065357142857145,29.808504934973115,4.7533739913909585,86.24545337592602,3.5261387163561078,13.460469182049247
1.17,11.851549171307367,20.782073347884428,69.53660683634479,29.993683359213254,29.72572190749534,6.90195566619959,172.48103433727326,8.88795442368897,18.404882954796317,0.65,10.641190476190475,19.877231670445955,69.40822184429327,30.07229296066252,29.797367431972784,6.812057350718065,110.99474336099468,5.832400793650793,17.520731292517006
2.9899999999999993,19.071009423034116,30.021427950267473,66.05447619242479,30.13317204301075,29.87778189420472,8.207293808332384,177.0137504666244,7.49713563248808,26.567345046638717,0.0,12.98214285714286,29.70476190476191,51.503571428571426,30.0160119047619,29.770297619047614,9.698809523809526,230.10963674007152,8.835714285714285,24.65595238095238
5.249999999999999,32.54829886292627,44.478295261171205,66.97722664764703,29.902416666666667,29.657296595719558,8.501314462954122,147.12837964220458,8.35723584031282,39.63953212845116,1.12,42.72071327412897,53.51027025300281,69.66095919584292,29.881011904761902,29.648340787119853,8.58602667923162,143.10846264243006,7.955982728511799,48.34139939517846
5.3999999999999995,48.893024177090396,57.574466627692836,75.29715646840205,29.9740188172043,29.73920156713191,7.811380788407337,109.88381082765731,8.250460960625263,53.057276672163454,1.59,56.65280130898246,63.234631877765295,80.9244026204369,29.979523809523805,29.74928238860944,7.133297159521151,110.23406134383579,4.96024263870041,59.41138333432092
1.8200000000000003,55.542007347081174,66.40587128872617,70.99775008375455,29.881805555555566,29.65372791833749,8.926149309370565,147.2152732705099,6.066064249667938,60.1242841895942,0.8700000000000001,60.091275162005715,68.00836554491204,77.62433345771106,29.825833333333343,29.59476408814104,8.889507019298291,184.1907794677709,6.4640798345542185,63.21040533709414
2.2499999999999996,60.6434973945909,71.39163292633052,71.87781568623447,29.87958333333333,29.65374429900258,8.474574591210144,161.5692553627916,5.4522830699038645,64.69914754515601,0.61,61.32784816809207,68.38683814250017,80.44166905490947,29.87720238095238,29.649436658772892,8.01029034119191,141.08069793551115,3.884977701354008,64.01534496281883
4.29,58.80515128918243,67.31189806208711,76.5008503068929,29.847486559139792,29.617902121468546,8.168414551842462,137.7666627274554,5.536212380791654,62.148025917203434,1.33,56.302406022811375,63.00637830618731,80.18924361928394,29.90928571428572,29.677147463105655,7.329043151069361,142.27143913265974,6.229370767178493,59.068960202926675
2.96,54.46696373636708,61.01483031347039,80.87785942470418,30.010321428571423,29.785578020087765,7.661084011306993,111.78409187516664,4.645850523532408,57.273281814357595,1.1300000000000001,56.966057703927895,62.9953473552405,82.3185254076847,29.894940476190477,29.668659086328155,7.407122902147956,118.57032277291566,5.121724604724241,59.42556250734584
0.9800000000000001,41.37224130649729,49.429584861811264,75.83144783979644,29.986572580645163,29.74851772351128,8.908319546067675,140.44262166695003,7.077002681741744,45.658865751569685,0.0,27.822943722943723,38.9508658008658,66.24155844155844,30.105119047619045,29.86160822510822,10.0,151.5029761904762,5.507662337662338,34.55792207792208
1.51,32.59868704131662,42.380866429678655,71.17034089702743,30.029172897452785,29.787875099375846,8.57642690773283,153.77568744819942,7.567166682398169,38.230251367607885,0.75,38.21900444413742,44.5725881535722,79.63934174572474,29.949047619047615,29.706942914509174,8.383766233766234,159.76657021071915,9.673824874888705,41.58309360342779
2.3399999999999994,22.730321579812948,28.604614817629635,79.64419353616297,30.12195014662757,29.86761415316562,7.379490552111028,156.40866168247288,7.232419865959097,27.02093505893559,0.47000000000000003,16.06427643401683,20.6886802202566,82.361253223817,29.916011904761906,29.649985809342045,6.487264832672996,127.87642708182173,8.110510422117565,19.43451226644504
2.21,12.249143437432446,18.031005435799408,78.89959498704425,29.98725652173913,29.711335000150505,7.414250403149213,149.62017972974482,9.099782340779363,16.475390119201023,0.5900000000000001,0.75,1.0,100.0,30.197499999999998,29.724844200049723,8.027380189442184,153.592070552987,9.556218983173162,1.0
0.4900000000000001,19.09825542847117,26.903764807992324,73.42334457339886,30.01372596153846,29.762862353845996,8.091457699830695,191.23929362765713,8.752829741410237,24.379420033955892,0.33000000000000007,18.395991867312226,24.970797957238535,77.38012588967435,29.964583333333337,29.65233060344809,6.166278812168017,156.49432366006474,10.392728342618394,23.049656290795053
1.4799999999999998,29.00877205891187,39.220358868380345,70.33360138131323,30.065080645161288,29.81878166354902,7.875198359027305,144.39152963059752,7.725991225198027,35.30105455221688,0.01,21.022897868824945,36.78957650057542,56.087398482966385,29.985654761904758,29.7335801293222,9.78703094140882,181.54375082402944,7.5660940554882,31.6558246127235
2.45,30.686857627629003,43.48355979727184,65.4114148897738,29.90547727272727,29.664209212213738,8.904639275312299,199.67140495889302,8.86578667360313,38.33713566008574,0.31000000000000005,27.304793205408593,39.13574346591685,67.42929308523863,29.92309523809524,29.674844419985902,8.732215325730165,179.6870250783398,8.393603583936093,34.71560538094364
3.59,49.520803952451004,59.857676750222836,72.93106604961768,29.9797311827957,29.748908870111197,8.003169141386207,128.28963592982137,5.322198739713828,54.30877794920285,0.72,52.97401277584204,66.06968641114983,64.82839721254355,29.916488095238094,29.68897502903601,9.505371660859465,159.30294652325406,7.142421602787457,58.641695702671306
3.5,56.50141950368032,65.87580722733756,74.75868585290314,29.901166666666665,29.671384527871382,8.588645581883261,139.33056407515076,6.388508733927671,60.2602558550207,0.6699999999999999,56.80824609338435,66.79092892514551,73.23302101124682,29.720357142857143,29.49283147727848,9.231016966904065,220.7251892692561,8.00781035400851,60.74392849853679
1.84,58.99236184843364,70.16901614795957,71.42919883699196,29.918938172043006,29.689585208018595,8.768169157456358,144.1066946608171,4.784306037081999,63.32823480672332,0.28,59.18892755392755,68.33838813303099,75.97851793708936,29.890416666666663,29.658299175824176,8.609840143322286,91.55809349380777,3.5205801209372636,62.660770393627544
2.17,59.91813540777001,68.25728193850014,77.68260469156418,29.946265194015897,29.7175771538284,7.805392535098011,139.20950665875196,5.640552473686487,63.14424087437517,0.16,58.54845110478208,68.03621112227883,75.18852359565527,30.013995859213257,29.778072176920613,7.31644379526004,155.98922608726951,6.529223145269838,62.29825307102313
4.8,50.86261125648071,58.34663156734289,78.96459942372027,29.989277777777776,29.75602822030067,8.430883775894772,133.79984272344655,5.456211446465417,54.18043893247382,0.55,45.02783642098411,50.978198939150126,82.12271274303502,30.021666666666672,29.792377562154154,7.4597592228380725,109.23561849488958,5.164954132225723,47.90888169506756
3.37,43.87735981832178,50.42018121317283,80.07134051085754,29.93351075268816,29.69282605536476,8.42771736266153,132.51456962007595,7.19345362469722,47.260241898184994,0.15,46.70479959936666,52.7461354870523,81.02198756901643,29.83190476190476,29.594353256113866,8.766281643913223,115.68354023192732,9.048076318364943,49.64923654787832
0.59,25.09065734555351,32.6828700787867,75.32343134346375,30.176569444444443,29.925263885677737,8.898492200922426,130.18429300846438,5.99673184356223,29.878775324054605,0.05,18.156553268160412,25.81049724085438,73.588187705152,30.117678571428574,29.84879293771704,8.203177179962895,166.31332060796348,8.067629543075972,23.410456359117074
3.8399999999999994,22.405562896039132,27.453769409874006,81.98244071945061,30.02114247311828,29.759681148084304,7.611148541543133,142.10730107472384,8.315301948837927,25.80943849955276,0.34,12.308329903463889,16.811087827358218,82.86816480349266,30.053749999999997,29.782605559792355,6.6900582508725135,134.07452992718558,8.407106419095063,15.60105395815417
1.44,13.801443573932138,20.57303404495203,75.61482939889814,30.078642473118276,29.807272186230716,7.502678196176209,161.4538812768099,7.977658474935681,18.782575712420567,0.85,13.143930431197512,19.915055613813376,75.62282989612183,29.999464285714282,29.73032279314888,7.189386096994793,141.21278221433502,7.729827108709096,18.23644609358895
0.8600000000000001,13.139627440668239,19.893043145602892,75.76270331092071,30.020580357142865,29.758394666206506,7.322370299815214,139.69015910634894,8.61902046786478,18.122917421965475,0.45,28.36698998280631,32.2132278780238,86.41766702225887,30.005654761904765,29.75394508323081,6.369581158866874,92.7176901054452,7.470580024406554,30.779769304514208
0.47000000000000003,21.79460078625885,30.563607688929263,71.55419797232862,29.96138440860215,29.710484224564652,8.49831243268792,175.4739006098965,7.766626733109156,27.53452987268759,0.11000000000000001,26.955586080586077,38.166758241758245,67.01739926739927,29.94154761904763,29.699282051282058,9.794871794871794,178.71844821844823,6.168040293040293,33.8043956043956
1.7800000000000002,30.23577979088837,43.304430624017165,63.37028693824671,30.085882575757584,29.837886188797135,9.316172632166388,170.51636748620382,9.21858121966005,38.006417191663054,0.31,38.22568426943427,50.65021367521367,65.93407865282866,30.182202380952383,29.938508547008553,9.564870777370777,121.2200135327765,5.909801078551079,44.69833638583639
3.8,45.879269487955895,58.215982916239376,68.40009833338307,30.014381720430112,29.782182296182583,8.776561106886668,151.98244118772425,6.5819113438950865,51.9333601956606,0.66,48.378210353210356,60.99132704132705,66.05218432718434,30.047142857142855,29.82173064901636,9.38117403117403,201.79298837094942,7.672990847990848,54.43715296929583
7.6099999999999985,55.03700007966608,62.4535793402442,79.23686026411745,29.90534722222223,29.67188332270354,7.599002224380949,148.66108843611852,6.066797428524097,58.24860939451202,1.97,62.827292491890134,68.52910785158159,83.25324775520541,29.735297619047618,29.502916701505303,7.85062477336711,182.9406861561686,5.930218698312079,64.94719410530406
3.5900000000000003,61.28449611197062,69.42423968887836,77.27573700482421,30.009652875175302,29.783966685641367,8.267979104545496,127.4886961842745,5.50473060625361,64.3812371791713,0.45999999999999996,54.94909653285657,62.00900973318393,80.11131796499595,30.041488095238094,29.81708402464208,8.181275112882771,98.17159401231983,3.958449190099998,57.88846668393387
3.61,57.94117552246981,65.23456844460806,79.51561608076489,29.97903225806452,29.751653955779407,7.989140862503119,151.34598605228155,5.348397436665461,60.90501682546432,0.61,62.96642411945646,67.71204204600431,86.16321100283365,29.947619047619046,29.721963928367227,6.878487527746288,99.77204786738685,3.7216316365575133,64.77842965659677
5.44,49.50530540334389,55.90103904611163,81.14817275791324,30.00909722222222,29.777384178313277,8.14178765941839,144.64419737303214,5.150256195267122,52.512757051588046,0.0,44.37583364611353,50.98720251127747,80.99863180383817,30.1235119047619,29.894377063480476,7.490964466431735,60.69764929814843,2.232342906145088,47.560073564165116
2.6599999999999997,40.92098743931525,48.48121501562921,77.31175675160176,30.0202688172043,29.782223040918623,8.405193291768999,139.15257957410017,6.439978232508782,44.85406581528584,0.66,31.835188540969472,38.5457042366018,78.16455461064632,30.079464285714288,29.832799866817474,8.915008773779782,178.08408777304024,7.35913046163336,35.88938540072994
2.66,24.235631326227384,33.626465580863574,70.11472607851952,30.113430555555553,29.860895688642458,9.012009824966286,185.00553644611549,9.323174110643835,30.234197784231647,0.92,12.481878754958444,20.231701773596793,73.01646092995087,30.236547619047617,29.977453405900814,8.160950620196433,171.8564886464178,8.845847281571684,18.056792452528093
1.6300000000000001,12.589179522969001,18.544764321273366,78.15075729452535,30.103575268817206,29.83576060170561,6.1388306400193855,137.7151519281816,7.455643331910503,16.987353012118973,0.02,10.42103554013037,15.560783201472857,80.32461374832064,30.137142857142855,29.85488704097627,6.858306028262925,136.36313680943343,6.691656901527591,14.30331554460865
1.4600000000000002,6.406326747825999,15.18649570314413,69.2120839043666,29.978112170087975,29.703826605488977,7.460454234480864,176.5120642927803,10.066721627800503,13.128434484977598,0.08,3.4172079243507816,14.684597262148284,61.77869288685615,29.882857142857144,29.605759085963168,7.086760952577279,210.0757696574023,14.666043706860034,12.145477576089819
1.28,8.38770344131986,16.90074791523113,70.30168071541121,30.05517857142857,29.790386027983537,7.303658340977052,172.23391317632644,8.966082062950488,14.83562743483687,0.0,5.356530612244899,17.860453514739227,59.1600566893424,29.90815476190476,29.65930396825397,7.856439909297052,229.3155328798186,12.617539682539684,14.783548752834466
0.9099999999999999,11.038112102001497,21.090429779280683,66.75726550227829,30.05852150537635,29.79395425527856,7.718223419762819,173.86015811567864,9.289849135415004,18.4455657519018,0.51,18.954440937512803,28.33465865659218,69.36692399595626,30.088035714285716,29.835229520125814,8.109012249638782,142.56081949466105,10.128003673179672,25.440387830803555
4.17,30.50738104525135,42.025413288571514,67.7985585020911,30.01473611111111,29.76455230177081,8.862118667757866,167.40861100015638,9.542031603917016,37.51967517974272,1.4500000000000002,33.611438172753374,45.03106060872987,69.15833902953214,30.061964285714282,29.82058618965406,8.721323749625636,153.0298318034167,9.610498652291104,40.42983563236616
2.11,45.707228110604625,56.449314545616346,71.24217484727271,29.976881720430125,29.7447032678382,9.033048239381833,142.07422640380486,8.242982147746998,50.99387014297354,0.06999999999999999,49.380174491925644,58.330680881372125,75.73814470703871,30.041845238095227,29.81130634943999,8.425556114496207,105.04556141853277,7.273886439929067,53.411924050748944
4.93,57.07547236258175,65.32793351070508,77.84853255918658,29.966694444444446,29.739422486000787,8.669254379228391,140.83767901539574,5.3664961381499126,60.43000421793032,0.5900000000000001,63.02528577292728,69.92385319083432,81.56745366792536,30.006845238095245,29.78110286254626,8.152213247967966,97.77984463818429,4.528313772181698,65.49578052974279
5.47,59.420911287282244,67.3413971351914,77.97969269254857,29.913387096774187,29.684426797112696,8.906321373360843,186.80189869929328,7.437652405339384,62.52027353218967,1.7599999999999998,57.87218106808143,64.08380023799069,81.82275443808916,29.85113095238095,29.62029625991548,9.07525679360137,188.7804311571544,7.091276153444765,60.34920975495703
5.13,58.82642249029003,64.86007502841713,83.00440572507067,29.996559139784942,29.77021569223032,8.130363251898109,145.42281391257524,5.284887790826582,61.163807045848934,1.78,60.0771233609006,67.18640766013648,79.92919667096422,30.030416666666667,29.806402007798507,8.646293355554857,184.96387718838994,6.275784828569333,62.82147626384914
1.21,52.511909950738435,58.65478457361211,82.09602016312103,30.079152777777782,29.840848965041307,8.55823558432231,155.70715864313607,6.44012380060718,55.174400036318055,0.0,51.98516876957342,56.30043749543275,87.31004237655091,30.20529761904762,29.975720966847266,6.869353411884839,92.27370066963526,4.4231339056647405,53.7746907526675
2.0400000000000005,44.19953031711507,50.65514678840557,80.03720923843231,29.90752688172043,29.671293828872614,9.031938889667225,140.32267817393395,7.791388272066303,47.49898991693354,0.22,39.3780662264906,47.08428904895292,75.49169384420436,29.851726190476192,29.612535133497836,9.52938725490196,181.8219794439515,8.364417044595617,43.58225501311636
1.45,27.085814211140544,36.27938651778107,70.65821876361282,29.97184722222223,29.722538354930368,8.947857159059332,193.27728420961563,9.945842181736888,32.848413055064285,0.52,26.357409011349894,35.97352893412007,68.63627546509319,29.963392857142857,29.72151098901099,9.755156173875386,187.1415489272632,10.17901351522041,32.3258900377127
0.9800000000000002,21.11540607508415,27.109809966769898,79.07380796064217,30.151868279569893,29.888642526513127,7.2435606376772155,174.53037759831474,8.326873977664764,25.30193886078678,0.2,21.124467434787725,30.32166285624915,69.37247236799877,30.070416666666663,29.80104301817541,9.168596185967433,224.64747451951192,10.550755047045083,27.376334022455246
1.2800000000000002,4.9242232950996945,12.816066070693857,72.54181193278228,30.113938172043017,29.827438028125936,7.021350273556727,172.00863740671537,9.509302912365241,11.089308944343271,0.12,0.19816664816664797,9.458618477039531,67.40357118515013,30.121130952380955,29.81859303464567,8.250624570361413,161.94633794633796,8.95347698110856,7.818622508096192
0.13999999999999999,-2.8820730640971877,5.135572026554542,70.42265617214,30.128497023809523,29.849233533395697,6.127163106057801,157.25153473289717,9.138637703023793,3.798653108037855,0.0,-3.774206576093369,7.015604227944459,62.87429998035598,30.2547619047619,29.99061403624167,7.687407982675786,197.7629932805298,9.32933521810576,5.132215218827725
0.54,14.951567905315546,25.420701912640894,69.59873528366374,30.092768817204302,29.822913009806864,8.162894027528987,203.19544601093708,9.379255084390648,22.59403577125678,0.18,18.71568339494607,30.422582286291963,69.13086687294762,29.93809523809524,29.686057367832717,8.584200319223362,230.29968642637542,10.044491615228944,27.074695887273528
2.48,30.706665655895197,43.546555581535635,66.18375075966404,29.969875000000002,29.725737972907442,8.934820850836738,172.82637469970953,8.877160142070656,38.406514543533426,0.0,33.25313325330132,46.619171668667455,61.78607843137254,29.825952380952376,29.587192076830725,9.734183673469389,197.9676049034852,7.63511387163561,40.66060024009604
1.55,46.15807658445437,60.50812865450788,64.07113490242361,30.061787634408606,29.830636739268243,8.677775945650838,171.4029589072462,8.22037703047547,53.14884975346277,1.01,56.59897507647397,64.64985922598706,77.29752259755575,30.075416666666666,29.848579897668795,7.880367657429798,155.58090301511353,8.652017904450455,59.86145287461078
5.119999999999999,53.965531040672346,61.43617849196607,78.93754900035486,29.95304166666666,29.720429065826448,7.832556528566533,128.16872548417317,5.986814966105811,57.185488889414046,0.7000000000000001,53.20683274069506,60.44118676954064,79.75211693035877,29.957678571428573,29.721113825591022,7.4440259196383725,105.88817448480647,5.2631871639233205,56.28223418090641
3.42,59.176505538945506,68.44530084059059,74.58471304825856,29.88133064516129,29.652014886735166,8.3431535573522,166.25187784008077,5.779323252979684,62.806888184536895,0.4,62.682419669587894,72.18178620922568,74.14816343020455,29.873928571428575,29.65204094579546,8.326314176930248,155.72518872222736,5.844992122062814,66.12836284020415
3.2399999999999993,58.95849716583241,67.11510920708932,76.97368705052192,29.95279569892472,29.728408057565563,8.64848719645432,162.2681980608238,5.945024600020079,62.13329830100235,0.0,56.38903560597108,64.236425223522,77.34777265745007,30.02452380952381,29.799883985190437,8.455715565796211,171.24501842243777,5.452746268068849,59.5700923628343
3.8200000000000003,55.17919554929153,62.23361523583056,79.75626281610643,30.076305555555557,29.84650603355324,7.225938106200096,108.22564487090166,5.273357535184136,58.15825895100145,0.91,48.71257829257829,57.147922022207744,75.46313967028253,30.264107142857146,30.020531057681062,8.939842788057074,91.9556697699555,6.950071676500248,52.69337066194209
3.0300000000000002,36.576624218944886,46.02519045397015,71.46741704829495,30.08913978494623,29.84293999573841,9.379425913765562,148.97695799783435,8.336632044422776,41.779687866939746,1.23,34.26351989071491,42.00059694724285,75.58479219273917,30.098749999999995,29.839186067844057,9.453247129572832,143.25325584779367,7.93301019467348,38.73608565683327
2.12,32.76111642607485,41.36367339563238,72.96675046757537,30.145208333333336,29.902543957678283,9.187480340607323,155.57132878160732,7.577102504974901,37.75128482786159,0.35,26.4283911618874,34.51638446766266,73.79314080656185,30.414821428571425,30.170782713276697,9.278392409595417,154.93918114777532,6.83846841128796,31.344601113172548
2.65,30.70171758940108,37.13908081252983,78.59509118362374,30.067008448540705,29.816039817676515,7.5045249447008375,148.80111743677588,8.031408034990534,34.6256509950456,1.09,22.41809367014285,28.046705754601124,79.92182210736334,30.255340136054425,29.99900342457285,6.464520249742044,138.01889775105784,8.475029296081612,26.165811649376018
0.53,13.498558295698544,21.168092939741275,72.86069338506151,29.973091397849462,29.707526709864013,7.817199427447326,165.70543661132865,8.337704178305025,18.99366885268894,0.15,21.493819828112628,28.807378419839498,74.71068970183083,29.83797619047619,29.576309522726238,8.074180327606966,148.00797120578815,7.226790501223534,26.317190747051793
4.129999999999999,13.585868789843245,21.33851445563888,72.50193039639358,30.001250000000002,29.73660034913569,7.623293428628899,177.54040423813456,10.641922913528003,19.21359798765293,1.83,18.226695991234493,25.143257216909017,75.61886673879803,29.807440476190482,29.547111898114952,7.54497315136251,165.64885384656645,13.339839157903716,23.103014733180665
2.2300000000000004,22.758942953574074,32.751185475487404,69.25792284708481,30.03146627565983,29.76742028025557,8.054349742819754,145.72718608841393,8.004948631087084,29.372662532377475,0.96,29.802770562770565,39.26918058132344,71.68844465058751,29.956904761904763,29.6863366419295,8.203067408781694,143.07401957648264,8.220559678416821,35.5017501546073
1.6600000000000004,22.336352805943626,39.86478689833462,54.46084759299061,30.07680555555556,29.8308735260588,9.204432788648024,170.53334969517945,8.013789968455246,33.500559088972636,0.03,16.829954954954953,40.71138996138996,41.67068854568855,30.087321428571432,29.846985199485204,9.544401544401543,132.91178827048392,7.072841475015388,32.32400257400258
0.79,42.26701475388518,57.84910565354226,60.869533336848235,29.955430107526883,29.72074511593062,9.306695997898808,144.18478474451928,7.420019872829924,50.03395279780647,0.0,56.28396825396826,71.7234656084656,60.56026455026455,29.97339285714286,29.746901587301597,9.619285714285715,164.15895691609975,8.352354497354495,62.47468253968255
4.69,51.54568927829731,64.35355878822823,66.90678782621016,29.888750000000012,29.656410095654966,9.018797630917097,175.16088066871924,7.430041735632748,57.12801681416545,1.89,56.482294302672074,67.86289833221035,71.41628367665642,29.974583333333335,29.749056575968858,8.240918348233006,147.4414837341308,5.6018298044845585,61.03779233301218
2.97,59.02552187872019,70.105723785065,70.72094665347147,29.91565860215054,29.689212191091247,9.1562309934266,161.35327970670085,7.004235285909482,63.33549280324052,0.88,60.14361842105263,70.96701441102758,70.87512844611528,29.93744047619048,29.706596021303255,9.481516290726818,146.7092305037957,5.77765977443609,64.26964598997493
4.109999999999999,60.39291961807061,70.65846717413197,72.88065482472308,29.988655913978494,29.75736374386256,8.694283364294677,155.49151754013326,6.356074912461204,64.30702807364214,1.9100000000000001,61.60002432393542,69.87915035966999,76.73604265706001,30.0427380952381,29.812674899101612,8.060220057666392,156.2169597985485,5.846944050102534,64.72111119775792
1.3800000000000001,52.06544378096051,60.582205316983725,75.91414883159459,30.104125,29.87156650510428,8.52304814014693,117.6859934457971,5.249678118970182,55.78958712428706,0.03,44.511765188834154,53.78836617405583,73.20715106732348,30.205059523809528,29.968627422003287,8.981450856204551,92.63372198842582,6.959909297052155,49.11032606145907
4.739999999999999,40.61862849681811,48.57888164482469,75.92038082262476,30.10219086021505,29.86247382168498,8.658162298469378,150.70252933233922,6.838308018380496,44.842428761210414,0.31,31.404024912664223,38.836112045827456,75.57176918104344,30.190238095238097,29.93382936529827,9.278119310434139,206.9773173288611,7.529528918868693,35.867938247194814
0.7700000000000001,31.94437251083283,39.00381794192098,77.47759316674049,30.02569444444445,29.779232643967593,7.433139851446333,161.55640224252252,7.750592155316657,36.10450240436132,0.28,30.131826135828835,34.1390800574089,85.85453189966667,30.079583333333336,29.836718455054978,5.6733218787801,99.9403381135187,5.5703901549184565,32.64121367700883
2.3300000000000005,19.054170649029796,26.495272123452082,74.19093580914867,30.03893817204301,29.76672154282225,7.925665388822285,174.47096819028985,9.025095006831025,24.19677636897454,0.9700000000000001,19.85508335806148,27.216591035928733,74.56804913780704,29.984226190476193,29.681450232991974,7.347888496767395,174.05472983950244,9.729586076074492,24.952582215655337
1.5700000000000003,20.113432523775277,26.361255338371556,79.16082594745455,29.979811827956986,29.717047391282964,7.745200556677796,153.21943996973775,8.874548447267168,24.53864286825109,0.04,20.403029243461894,25.3654153065393,81.89694228086289,29.609880952380955,29.354029730907516,7.215716328840771,205.81338183479127,9.043254617295652,23.793036198477772
1.86,19.60935529178878,26.734385542962023,75.7859582147642,29.915111930641817,29.64906020387175,7.629220758718437,164.74976779431276,9.362149221350284,24.4449688245029,0.56,31.412187453351244,38.463638629432964,77.37817744652719,29.897738095238093,29.65171085636449,8.795186648327043,133.984334247533,9.56465104066705,35.69228136395624
2.1199999999999997,15.441532900639112,25.047554527039683,69.25370395375484,30.1530376344086,29.890051453054976,7.625311905628573,173.7213244852881,9.188341974774389,22.536254947706166,0.47,27.845517095727185,34.199330843448486,79.86088213063002,30.177678571428576,29.914455771197375,6.669665644035391,105.78100128940464,7.003784847272243,31.983357787559466
3.6599999999999997,37.55511094897893,46.719379818341096,74.17007016654212,29.99901388888889,29.75696433402306,8.488776885695039,159.7485562484499,9.459098995548086,42.58872461667027,0.35,41.47469387755102,52.48349489795919,68.99469387755103,30.026547619047616,29.791677295918362,9.155204081632652,140.01353077816492,11.021079931972789,47.26949829931973
5.4399999999999995,46.306158571142525,54.85733422989046,76.01172425093547,29.874206989247316,29.636650056628227,9.296707576724375,145.8600485940912,8.166456768423618,50.41331022307608,1.6599999999999997,53.55885816125233,59.725661891663385,82.70496997265191,29.830357142857142,29.59995376871429,8.613299321145478,105.2970802729939,6.485169466969917,56.1378352184418
6.1000000000000005,56.29713447228671,64.57835927812775,77.17458578136934,29.863958058849366,29.635040276829855,9.2851434967336,168.68497820230382,7.781210194383506,59.710374896139896,4.21,57.668635146366235,62.463009306286615,86.08589384471738,29.89333215697346,29.661651927437642,8.627176042830927,177.45788002846825,6.249388473338054,59.631218641302674
5.239999999999999,60.78736766721392,67.3469650856328,81.84644449925592,29.946733870967748,29.720949527641476,8.525443893477926,141.1547271775066,6.333188282132194,63.31138914444035,0.24,57.80577878935471,65.38456158755136,79.65352397187566,30.02029761904762,29.795773887577585,9.119038252594507,141.1462465189955,5.188775704126506,60.806356387296596
3.3800000000000003,58.887414993130065,65.8601630121793,80.62461018120486,29.996451612903225,29.767909707497115,8.91281932508921,151.05598776746433,5.801983348056394,61.63967444662447,0.04,51.27200586575587,59.58398302148303,77.1029075091575,30.17315476190476,29.937879603504598,9.592805631868131,120.25019359522466,3.8766396891396893,54.907762845262845
0.79,54.89300145070643,59.96173666208929,85.57982233730397,30.038736111111103,29.8129429378214,7.500666762588024,103.77739044723688,3.9257407118056173,57.036445029350055,0.02,55.296341816078666,62.02128301523038,80.8941902834008,30.03392857142857,29.811013466358197,7.587784364758049,115.00168763349541,4.366075850160518,58.34374108347793
4.809999999999999,47.603984207119,54.6848610305176,79.63552013081937,30.0337173579109,29.7970716527128,9.13535655217933,158.21542193532318,7.957838232899193,50.97848565790071,1.86,42.80834270625757,48.72163469226122,82.28368227122863,29.73824829931973,29.49469237526654,9.10077949746931,183.2079249640009,10.225227319506496,45.64487573161704
3.0799999999999996,28.958069269879296,35.285905449376756,79.40203110928275,30.073361111111122,29.816260681099042,9.001134245333155,165.29470298380238,8.187046412165946,32.92529818088859,0.48000000000000004,27.396997929606624,34.33790545203589,77.99928522133492,29.963928571428568,29.710072956718914,8.937752637286797,192.21296296296296,9.170425416543429,31.704229517894113
0.9700000000000001,11.927501833916658,19.081049936228762,75.33649343265996,30.05787634408602,29.795559703468687,7.829023904722805,162.90887481815597,8.005455049391184,17.170973550291365,0.04,-8.104619433980487,1.829252390611416,65.67771418912393,30.293630952380955,30.01507896261953,8.028071573456968,191.0329131652661,7.987938278759779,0.224343185550082
1.6400000000000001,11.444037566753549,17.223512880689988,78.6375899295755,30.169287634408605,29.903367073778107,7.519943484217352,167.87026047921495,10.127104748964843,15.767424651807639,0.04,12.095965116126406,19.50469363372589,73.94498273530532,30.295119047619043,30.029707025352188,9.346370475402734,140.90240852337624,8.74642561739336,17.495388422807775
1.5900000000000003,21.615084224237005,27.19985060782533,81.01688216252194,30.17069940476191,29.9058816379636,7.257259158359252,168.16094874082975,8.092532106795364,25.340187332587128,0.27,27.450346875346877,35.44431401931402,75.03435453435453,30.194761904761897,29.92503041403041,8.9992673992674,159.48989898989902,8.626110001110002,32.37675657675658
0.94,22.320157833388198,29.92842245167295,75.63496711645503,30.016720430107526,29.76696921798705,8.161438715779857,182.82300055093657,8.011459450316929,27.496064627426026,0.56,28.549664534248713,36.657195201688104,75.89749273714791,30.2097619047619,29.956066955694734,8.722787597797739,107.40629880599454,6.8951876081997785,33.64766017282245
3.2,29.87907123364626,38.55869729057125,75.01944996990547,29.986305555555564,29.736463349549883,8.292893781701661,182.26943624701374,9.598805946214872,35.27491209667349,1.17,43.29931694714303,49.61975323388367,82.2656987135248,29.894583333333337,29.646731795579623,8.751639282617544,177.48764273453713,6.97433641237989,46.61334032312293
1.72,47.36158597665354,60.42732328863593,66.75852462199745,29.99263440860215,29.7560803779965,9.281802142748406,155.52386239940333,7.722425379479948,53.75137349484225,0.18,59.521171225088274,67.93517964370498,76.41841223292838,29.919940476190476,29.688665614339577,9.30958116384384,124.55859616573902,6.520098948670378,62.87310232010692
5.33,55.58478571721574,64.44511786014746,76.72094964878335,29.92391666666667,29.69147506596632,9.300704320460651,159.65500125034234,6.127739902286311,59.33301499266035,0.26,60.1409537410813,67.70859393818577,80.05665741571353,29.95595238095238,29.721729261148905,9.287564476339986,152.0555417507505,5.404765279127524,63.08839669872833
1.94,63.22120557620454,73.5395961461628,73.51859913606424,30.035994623655917,29.811179866582485,9.561306688614808,160.71631223503593,6.114412485471831,67.05408090266342,0.54,64.86117794486215,72.32361737677526,79.72554302422724,29.963333333333335,29.73629610054548,9.359126984126984,191.59428183123833,6.700873015873015,67.58582854194309
2.34,64.72827093279413,71.50555191001601,81.41392409780424,29.981102150537637,29.75307789816539,9.111057324048302,147.64655915335263,5.864407123761766,67.1514904760887,0.44,64.27805083764336,70.8404776275744,81.7916060564193,30.04184523809524,29.81671890396806,8.58660802633638,168.38409126214543,7.742519235685619,66.6473449778628
2.82,56.37102245539841,62.74108431585975,82.00156238035925,30.15836111111111,29.931134716112776,8.693742369842226,129.51092146682552,5.9768746988303425,59.05977836249074,0.98,50.449744897959185,56.51809589220303,82.01662414965986,30.163630952380952,29.92928581240189,9.111227760334904,161.68510184132305,7.563154107796966,53.326125065410785
2.62,39.1379272103171,45.91057585618893,79.18041323656328,30.013508064516127,29.76700465445893,8.93942618474159,154.0320933924823,8.563593447676853,42.971452042722596,1.04,31.249577987431394,36.625946744408324,83.108717454822,29.96732142857143,29.711699973177023,7.979075210592711,136.0090051859793,7.002366809392162,34.65888278388278
2.6,27.264847393665164,32.30392379475854,83.17803243583302,30.04895833333334,29.792930261748403,7.938803062304758,151.30758157108355,7.710531620611366,30.61514804428774,0.64,32.03122561994501,34.39873621487431,91.62217540659934,29.783630952380953,29.528278450012696,7.398065388631427,161.98151550821163,6.857327380009033,33.58487147467476
1.82,20.887237191161567,24.752422936008994,85.75020214358422,30.10454680506251,29.843213573142542,7.72889745128938,144.89167552790732,6.107577965147339,23.622136105669227,0.39,17.5838251236634,21.12548009043966,86.41387399662332,30.25141290726817,29.991745896152363,8.736464510332436,129.93024594453166,5.328903369765904,20.18603753838255
1.6199999999999999,9.152898815504953,14.536010902469679,79.8497724314241,30.080519305962856,29.792426279413785,6.423014051940451,164.9551807113583,8.50648615659556,13.377530770916271,0.18000000000000002,3.1211576855294387,10.657664136887393,72.86888110823013,30.01482142857143,29.732741857204733,5.987777134982748,158.7109759594989,9.091446733535829,9.167539576524222
1.58,11.882604738623929,18.811616481314605,76.6844083579699,30.135624999999994,29.85834360222572,7.510132715724402,143.9830903136597,9.803986396217462,17.128818949419877,0.42,8.654869178440608,18.267657605552348,71.10096437704254,30.153333333333332,29.880624630256964,8.499192624418189,151.04178501810082,9.756648213941448,16.140566284568976
