v

[[ 0.55365894  1.93503522  0.23521112  0.59347333  1.1182167  -0.642083
   0.44138088  0.97971256  0.46934747  0.55992389]
 [ 1.72753047  0.07568187  0.3109594   0.72431001  0.87969383  0.44780872
   0.28923083  0.28890964  1.01861282  0.45191331]
 [-0.22169124 -0.33311527  0.50535237  0.61789467  0.85211418  0.54630308
   0.70706681  1.10670135  0.48107019  0.56865948]
 [ 0.19845344 -0.06788039  0.39256568  0.14232214 -0.30443174  0.1775778
  -0.12153125  0.32638135  0.77470685  1.35964475]
 [ 2.15887544  1.9905577  -0.06224168 -0.10985792 -0.44614909 -0.4932498
  -0.3438908   0.46713586  0.19869802  0.08944346]
 [ 0.38821434 -1.60633204  0.47505562  0.41679455  0.39357991  0.17513362
   0.17404611  0.6357246   0.73020529  0.49592325]
 [ 0.04234626  1.55252535  0.57084424  0.45687864  0.75124835 -0.48598107
   0.44128575  0.9187681   0.71224785  0.08503831]]


w

[[-3.27181692]
 [-5.71820944]
 [ 0.71733494]
 [ 0.64173222]
 [ 2.20580633]
 [ 2.00642498]
 [ 1.71899793]
 [ 0.85390232]
 [ 1.20484087]
 [-0.65174659]]

theta


[[ 3.43453725]]

gamma

[[-1.01031451]
 [-3.5448095 ]
 [ 1.545354  ]
 [ 0.86836284]
 [ 2.41203805]
 [ 3.69621079]
 [ 2.72896337]
 [ 0.43904673]
 [ 1.08296248]
 [ 1.20783088]]