6.586447033805866340e+02 3.454228790522259285e+00 1.000000000000000000e+00
6.904639536647842988e+02 3.279665417886473033e+00 2.000000000000000000e+00
5.459036521005841678e+02 3.358101652307584395e+00 1.000000000000000000e+00
6.347914428659208852e+02 3.672052524052610067e+00 2.000000000000000000e+00
6.927285052359140991e+02 3.640190161176982464e+00 3.000000000000000000e+00
7.002929810117143461e+02 2.753179765457830719e+00 3.000000000000000000e+00
4.665947912817564429e+02 2.819311544223001675e+00 3.000000000000000000e+00
7.327764831094507372e+02 3.345611734231133116e+00 2.000000000000000000e+00
7.018858987172527577e+02 2.776188408290467979e+00 1.000000000000000000e+00
3.533447882335030386e+02 3.449354629522635829e+00 1.000000000000000000e+00
6.635048932732114508e+02 2.892298457153222202e+00 3.000000000000000000e+00
6.174719578557966315e+02 3.674878263906652620e+00 3.000000000000000000e+00
6.811234305194716399e+02 3.658377377185285884e+00 3.000000000000000000e+00
4.714057647614988582e+02 3.512538661196268563e+00 1.000000000000000000e+00
6.291672292471415631e+02 3.444986632099754420e+00 3.000000000000000000e+00
6.117478063260876979e+02 3.708584967862206927e+00 1.000000000000000000e+00
7.689368768353690484e+02 2.682534811440495659e+00 3.000000000000000000e+00
4.250986506212522045e+02 3.754094515909993213e+00 2.000000000000000000e+00
5.667699330629950509e+02 3.373757781581542936e+00 3.000000000000000000e+00
5.571110506138491019e+02 3.673926182753179503e+00 1.000000000000000000e+00
6.274705348022994258e+02 3.564807366424171953e+00 3.000000000000000000e+00
6.269820634709041087e+02 2.305786214399031309e+00 3.000000000000000000e+00
7.396266334959336746e+02 3.000671048942889829e+00 2.000000000000000000e+00
6.304538249244575354e+02 3.072933317465547987e+00 1.000000000000000000e+00
4.185027893414608116e+02 3.715515725284284532e+00 2.000000000000000000e+00
5.599377029056121273e+02 3.158371722808467563e+00 2.000000000000000000e+00
6.173443970399355294e+02 3.666053448553823646e+00 3.000000000000000000e+00
5.971515410518178442e+02 3.602359697056259691e+00 2.000000000000000000e+00
6.022700179030016443e+02 3.056583008027315085e+00 2.000000000000000000e+00
4.618905324784447544e+02 3.137656470011276788e+00 3.000000000000000000e+00
4.705943014129163657e+02 3.502264185666502438e+00 3.000000000000000000e+00
5.797948523700461010e+02 2.882960835143038913e+00 3.000000000000000000e+00
5.212593618865502094e+02 3.661940956790648904e+00 1.000000000000000000e+00
7.172721511941772405e+02 3.747685648000053327e+00 2.000000000000000000e+00
6.044978372398829833e+02 3.231725290587631694e+00 3.000000000000000000e+00
6.440857210373752650e+02 3.625597911910584337e+00 2.000000000000000000e+00
5.183781800020910850e+02 3.592760216614972801e+00 3.000000000000000000e+00
6.203823989143777453e+02 3.690050434965741477e+00 2.000000000000000000e+00
7.591640507814420289e+02 3.521337728895754804e+00 3.000000000000000000e+00
4.780986672940537687e+02 3.802331460272389663e+00 3.000000000000000000e+00
3.603374601005873501e+02 3.041207878397598208e+00 3.000000000000000000e+00
4.126790745074538336e+02 2.669896518715248135e+00 3.000000000000000000e+00
4.947801384014180144e+02 3.015963959355071111e+00 3.000000000000000000e+00
5.794636865412356883e+02 3.357949214239434710e+00 1.000000000000000000e+00
7.471411217245254193e+02 3.386432197760378848e+00 3.000000000000000000e+00
5.053639686353737375e+02 3.373972820476726309e+00 3.000000000000000000e+00
5.551111952603595228e+02 3.256001419893841842e+00 2.000000000000000000e+00
6.455198604039435395e+02 3.682416706943565821e+00 2.000000000000000000e+00
5.470408165309264632e+02 3.012173174874531956e+00 3.000000000000000000e+00
4.320695359493799970e+02 3.809745738580568197e+00 2.000000000000000000e+00
