6.080924781969866899e+02 3.229265623307536970e+00 1.000000000000000000e+00
7.867017960307923659e+02 2.864613418246887200e+00 2.000000000000000000e+00
7.344798735847938360e+02 3.521516601746163211e+00 4.000000000000000000e+00
5.465330543015469402e+02 3.418695202570632308e+00 3.000000000000000000e+00
7.517952484215560389e+02 2.917527650747124834e+00 4.000000000000000000e+00
4.920047354547415921e+02 2.804167139360484562e+00 1.000000000000000000e+00
6.013640477684458574e+02 3.420752264775590135e+00 2.000000000000000000e+00
6.774118790319151913e+02 3.625998635467447162e+00 2.000000000000000000e+00
7.958558163104784171e+02 3.047747874545264413e+00 2.000000000000000000e+00
4.687231599068402375e+02 3.511294099520131162e+00 4.000000000000000000e+00
6.109781608451229431e+02 3.187038610164841135e+00 1.000000000000000000e+00
6.372028151342284445e+02 3.350158728225375970e+00 1.000000000000000000e+00
5.705548877004075621e+02 3.799427860847513827e+00 2.000000000000000000e+00
5.499264651996969633e+02 3.775129258785327568e+00 3.000000000000000000e+00
7.130843983115336187e+02 3.625821792016778566e+00 2.000000000000000000e+00
4.953331812165561701e+02 3.621295170276697117e+00 1.000000000000000000e+00
4.351523018067286444e+02 2.952105645437854253e+00 1.000000000000000000e+00
5.122887473532862259e+02 2.738711175539033427e+00 1.000000000000000000e+00
5.779889717054481935e+02 3.230000488311912221e+00 2.000000000000000000e+00
2.146540148282586529e+02 2.851319170141993098e+00 1.000000000000000000e+00
6.087511056764584509e+02 3.489534339577175182e+00 1.000000000000000000e+00
5.720118624590263607e+02 3.387908327094884431e+00 1.000000000000000000e+00
5.735107582215765660e+02 3.287436313054854953e+00 2.000000000000000000e+00
6.393810796991029974e+02 3.338647742524636364e+00 3.000000000000000000e+00
6.963444132602051013e+02 3.067153812506338451e+00 4.000000000000000000e+00
5.970470560953040149e+02 3.578083632147851745e+00 3.000000000000000000e+00
4.849534789539524695e+02 3.447731553675080551e+00 1.000000000000000000e+00
6.091075652969125258e+02 3.204090946130933037e+00 4.000000000000000000e+00
7.002760164550562649e+02 3.632230432199256231e+00 2.000000000000000000e+00
6.861211143323705528e+02 3.325443966281339758e+00 2.000000000000000000e+00
4.717282130637883029e+02 2.794963803758572674e+00 1.000000000000000000e+00
6.597485833791193954e+02 3.314090272343113153e+00 1.000000000000000000e+00
3.318171631825624672e+02 3.640552714275147039e+00 2.000000000000000000e+00
3.767229983983084480e+02 3.226541395937277734e+00 2.000000000000000000e+00
4.199692170071574537e+02 3.455748151467163076e+00 3.000000000000000000e+00
5.219312184714812020e+02 3.062483985371177386e+00 2.000000000000000000e+00
6.517993621245136637e+02 3.988979969162131045e+00 3.000000000000000000e+00
4.208546270816781885e+02 2.938513692287264334e+00 3.000000000000000000e+00
5.921803564676406495e+02 3.178995808106603427e+00 3.000000000000000000e+00
5.500047592870379276e+02 3.368955575613203912e+00 1.000000000000000000e+00
7.399988147407743782e+02 3.738908481319678234e+00 2.000000000000000000e+00
5.704245770561032032e+02 3.197862654520159609e+00 2.000000000000000000e+00
7.965743163786672767e+02 3.588560398154893250e+00 4.000000000000000000e+00
7.668627496217787893e+02 3.021253639849183159e+00 4.000000000000000000e+00
6.408626977828296276e+02 3.148020000610732172e+00 1.000000000000000000e+00
4.273422389362856961e+02 2.346722274082072346e+00 4.000000000000000000e+00
5.693181072036653632e+02 2.683450759357423721e+00 1.000000000000000000e+00
7.686793351391075930e+02 3.806248563395516982e+00 4.000000000000000000e+00
5.135787565396019545e+02 2.559278311729126898e+00 1.000000000000000000e+00
5.733947493041678172e+02 3.213306643046415889e+00 2.000000000000000000e+00
