0.000000000000000000e+00 1.000000000000000000e+00 4.000000000000000000e+00 2.000000000000000000e+00 0.000000000000000000e+00 4.000000000000000000e+00 3.000000000000000000e+00 2.000000000000000000e+00
1.000000000000000000e+00 2.000000000000000000e+00 4.000000000000000000e+00 3.000000000000000000e+00 0.000000000000000000e+00 4.000000000000000000e+00 0.000000000000000000e+00 2.000000000000000000e+00
2.000000000000000000e+00 2.000000000000000000e+00 4.000000000000000000e+00 3.000000000000000000e+00 0.000000000000000000e+00 4.000000000000000000e+00 0.000000000000000000e+00 1.000000000000000000e+00
0.000000000000000000e+00 3.000000000000000000e+00 4.000000000000000000e+00 2.000000000000000000e+00 0.000000000000000000e+00 4.000000000000000000e+00 2.000000000000000000e+00 1.000000000000000000e+00
0.000000000000000000e+00 3.000000000000000000e+00 4.000000000000000000e+00 1.000000000000000000e+00 0.000000000000000000e+00 4.000000000000000000e+00 2.000000000000000000e+00 2.000000000000000000e+00
1.000000000000000000e+00 3.000000000000000000e+00 4.000000000000000000e+00 2.000000000000000000e+00 0.000000000000000000e+00 4.000000000000000000e+00 2.000000000000000000e+00 0.000000000000000000e+00
0.000000000000000000e+00 3.000000000000000000e+00 4.000000000000000000e+00 0.000000000000000000e+00 2.000000000000000000e+00 4.000000000000000000e+00 2.000000000000000000e+00 1.000000000000000000e+00
0.000000000000000000e+00 3.000000000000000000e+00 4.000000000000000000e+00 0.000000000000000000e+00 1.000000000000000000e+00 4.000000000000000000e+00 2.000000000000000000e+00 2.000000000000000000e+00
-1.419196232835412808e+01 2.292732687979578898e+01 8.014958212111358193e+01 -8.521512465911158074e+00 -1.786452582658717647e+00 9.533234099158438823e+01 2.484793615129165545e+01 0.000000000000000000e+00
-1.988278332700179263e+01 2.217431403239518062e+01 9.208982751687152302e+01 -3.973000428440551346e+00 -3.128450882625585905e+00 8.679131055192229383e+01 1.796644167936754499e+01 2.000000000000000000e+00
-2.652480177262907546e+01 1.696716794204846579e+01 9.497345303813645501e+01 -5.052668308345613646e+00 -4.619965795168717193e+00 9.507754823500896180e+01 1.871767481477784045e+01 1.979999999999999982e+00
-1.616251171593289016e+00 -7.458663098614477516e-01 9.115011415128834926e+01 1.636208663388133289e+01 -2.272671985835496145e+01 8.029580421405535162e+01 2.353805781753635973e+00 4.320000000000000284e+00
-7.006867489684224459e+00 4.604196712289557070e+00 9.557439268166488944e+01 1.304947755408224275e+01 -1.652602504896131563e+01 9.174021272703062380e+01 5.636303005548440659e+00 0.000000000000000000e+00
5.730392443410272207e+00 -8.936624598704820954e+00 7.340226346368591237e+01 1.793932616182559059e+01 -2.331766567852872640e+01 8.943878336680046459e+01 5.292051159825795992e+00 0.000000000000000000e+00
-5.943616167147576235e+00 2.340766899986542171e+01 9.710185331703257816e+01 9.842557629948332831e+00 -1.256814754027599612e+01 1.020359072432878662e+02 1.347646196990362810e+01 1.739999999999999991e+00
-2.191870751781075821e+00 2.789983659431065632e+01 8.485270504210079423e+01 1.085228749333528242e+01 -1.038462997955033984e+01 8.481650646731749532e+01 1.002433558987643281e+01 0.000000000000000000e+00
8.678584756061903382e-01 3.938751285199510477e+01 8.505600309556780303e+01 5.271743984793464399e+00 -5.080607078222094231e+00 9.215308311284856302e+01 1.615636685914038040e+01 1.870000000000000107e+00
-1.058465147771219428e+01 4.945330813285630711e+01 8.785411652987835396e+01 -5.744897789469372462e+00 4.634144568819960952e+00 9.846472898575100885e+01 2.437684691876979670e+01 0.000000000000000000e+00
5.573448542849759768e+00 2.513816349978763043e+01 8.631381970262133052e+01 7.179054372296937991e+00 -4.102009423603160343e+00 8.282229301297316226e+01 1.830387411241403584e+01 1.370000000000000107e+00
5.542193346887684946e+00 2.818080228554860156e+01 7.654941318553446195e+01 6.050938158252705534e+00 -5.486697223131206336e+00 7.820489191161901488e+01 1.561996607801661163e+01 0.000000000000000000e+00
8.821612042733324444e-01 2.676710173887426691e+01 9.349051936873095769e+01 1.711055648357150405e+00 -7.225222507640812530e+00 8.559500419136757898e+01 1.583867786064211458e+01 1.199999999999999956e+00
-2.321660542063094468e+01 3.996781190294316133e+01 1.085118650708962491e+02 -1.215462754226441788e-01 -4.935384583987615592e+00 7.371101427296480324e+01 9.060399485737512748e+00 2.560000000000000053e+00
-5.295084668310720666e+00 2.852598211781601378e+01 9.340155872061724551e+01 1.273401681453641032e+01 -1.433838020753179876e+01 7.660160454536224961e+01 5.939555617992200443e-01 4.879999999999999005e+00
-1.761685148776540311e-01 1.182025225015078229e+00 6.151848957330855683e+01 1.232422905570399685e+01 -1.662901965673980342e+01 8.856753052405716176e+01 5.158142458453596646e+00 3.040000000000000036e+00
-1.371946946585855187e+01 2.398920666955175918e+01 8.820936550724576364e+01 7.954424353813505988e+00 -8.686553226158350682e+00 9.497513274803046102e+01 7.826328527845347161e+00 0.000000000000000000e+00
7.506616803459253973e+00 1.542584196081499215e+01 7.630665224400036095e+01 1.893346154784187263e+01 -1.945068242437847061e+01 8.554906479618182402e+01 1.127284402721500101e+00 4.509999999999999787e+00
-9.491568218962701309e+00 2.019720780961059958e+01 8.329745103273326379e+01 8.231970777639656234e+00 -9.571174149137510412e+00 9.492053033718008237e+01 1.049777991906411501e+01 2.319999999999999840e+00
-1.674396897613673119e+01 3.976688090266646469e+01 1.072915572051431496e+02 3.283481718090071055e+00 -2.929818899807149268e+00 9.237380947431134359e+01 1.440155390101852895e+01 1.230000000000000204e+00
-2.508942380971063812e+01 3.291542355357481853e+01 1.005953448503960033e+02 -7.554939294113964365e+00 -1.039268093508996849e+00 9.978673301490391623e+01 2.537897550969128346e+01 1.830000000000000071e+00
-1.929790188207340407e+01 3.337842712637307585e+01 9.868801772518018822e+01 -2.694609999850225091e+00 4.046041977638642706e+00 9.064167739135008617e+01 2.203842206079484001e+01 5.110000000000000320e+00
-1.224173329593737769e+01 2.159458097664142429e+01 8.379217498164305766e+01 -4.524026188150496175e+00 3.457367045406676276e+00 8.478159498966290641e+01 2.287448488774055022e+01 7.399999999999999911e-01
-1.713359965558623088e+01 2.679623829247605116e+01 8.920891867932013497e+01 -2.519490429305384804e+00 5.070660281066115438e+00 8.026089352052713366e+01 2.179165388302354600e+01 3.430000000000000160e+00
-2.967944852076395534e+01 3.540190273847376545e+01 1.025646306230504763e+02 -1.391504807376343500e+01 6.122872488131083202e+00 9.373630628587363844e+01 2.708283810630455690e+01 4.299999999999999378e-01
-2.507061094131890400e+01 2.724818907815862801e+01 8.731587656280831311e+01 -2.481326037875362989e+00 1.107986740982408902e+00 7.507040143155622047e+01 1.308553723030482807e+01 1.719999999999999973e+00
-4.375990323121060399e+00 2.096967687697052440e+01 1.007826394334055067e+02 1.386681269347153034e+01 -1.766170680640700041e+01 7.790482357143483227e+01 4.604955176354318169e+00 2.990000000000000213e+00
-3.324656743792492097e+00 2.546577789285436211e+00 9.464840575871413364e+01 1.369438113385204048e+01 -2.059941328261560045e+01 8.817890854391201572e+01 5.124645281982693312e+00 4.160000000000000142e+00
-7.456728673627817550e+00 -2.763063910279334845e+00 9.028485957543276186e+01 1.232648735064174517e+01 -1.949569727448442791e+01 9.579340663090418673e+01 8.338907452617693394e+00 1.090000000000000080e+00
-3.179104580031591798e+00 4.396614871874071184e+00 8.721248345037007255e+01 1.460598217087299489e+01 -1.504673320639774126e+01 8.604791665843693238e+01 5.813888083177218391e+00 6.379999999999999005e+00
3.516776424197264550e+00 2.362304520849619394e+00 7.669880464633575912e+01 1.721591119531447589e+01 -1.863414298800099189e+01 8.653727806312814153e+01 4.194046966256311570e+00 2.560000000000000497e+00
-1.555716954240241989e+01 2.452785212018674699e+01 8.411816259409765451e+01 1.687853262572634128e+00 -1.640336090727827933e+00 9.169567110194329018e+01 1.712306553987963298e+01 2.109999999999999876e+00
-2.025698455477066773e+01 4.037379522282387256e+01 1.017169474945590082e+02 -4.727509667689636430e+00 -3.677222988277082383e+00 1.030357539098391726e+02 2.305661818384111683e+01 2.220000000000000195e+00
-1.107735012211792380e+01 5.804674900780797486e+01 8.588299447530552300e+01 -1.057258987438867148e+00 8.331304002351769711e+00 8.751258517469106835e+01 1.829026859188827103e+01 1.740000000000000213e+00
-2.510923447254806007e+01 6.349807563250025311e+01 9.039497212709075313e+01 -1.565918773361386940e+01 1.229025449321395591e+01 9.260644907179458585e+01 2.748637007423299394e+01 3.150000000000000355e+00
-1.065229681671761952e+01 2.433640577896597534e+01 8.109831308059675337e+01 -9.191675819743634790e+00 -3.607304223238925189e-01 8.970157158026188426e+01 2.513959093007524004e+01 2.689999999999999947e+00
-1.517448305443967982e+01 3.400350673245323208e+01 9.554654042120925794e+01 -2.940489171655436440e+00 -3.976061141880598448e+00 9.129360590038940870e+01 2.040199572896782243e+01 5.349999999999999645e+00
-1.154506644539555005e+01 2.928562041983591158e+01 9.107766822710111398e+01 2.714278815902377406e+00 9.056216022704317581e-01 8.158882207976454026e+01 1.245545338878639718e+01 6.359999999999999432e+00
-1.942357583767559959e+00 1.819380974342169210e+01 9.442939581858097142e+01 1.204935596231716843e+01 -1.361996472463988184e+01 8.951174500205569018e+01 9.416346392420271272e+00 3.359999999999999876e+00
4.675683556831883081e+00 7.198501293622577180e+00 9.710056661201001305e+01 1.608777483061266267e+01 -2.149683238343607172e+01 9.509358349473153282e+01 9.726659270794876022e+00 3.430000000000000160e+00
2.491905922400424522e+00 -2.152985282808419853e+01 6.549507247983643765e+01 1.709207071293320013e+01 -1.931471168879167877e+01 9.013377367274254937e+01 8.845999006285376609e+00 3.939999999999999947e+00
1.984014184633823508e+00 1.202260399271945346e+01 7.319929291417196282e+01 1.416888238625672081e+01 -1.321975668614833133e+01 9.232624193359961851e+01 5.638297546764640344e+00 4.059999999999999609e+00
-4.257964326315192061e+00 2.590384190850100765e+01 8.815784011545861176e+01 1.236222772875386333e+01 -6.215661928169531336e+00 9.040172957143089150e+01 7.048122305970021984e+00 1.010000000000000009e+00
-1.230420860000268490e+01 2.528659422931427159e+01 8.835927582961443250e+01 1.016412301006608621e+00 -5.073278664415359351e+00 9.758443642935442597e+01 1.586608519725071709e+01 0.000000000000000000e+00
-4.793667276122028476e+00 2.492941095081207692e+01 8.630849058837493715e+01 2.294864451708300557e+00 -5.151912874329855008e+00 9.631083044130720339e+01 1.932230006013710266e+01 0.000000000000000000e+00
-1.985359394208511929e+01 5.468802862496275452e+01 1.240494694926049846e+02 -1.104752923143773202e+01 3.118863288741056117e+00 9.958179611045338220e+01 2.887030027070900573e+01 0.000000000000000000e+00
-1.536734297353551604e+01 3.574909408343904715e+01 1.014885511992508640e+02 -9.775788343077479681e+00 2.215121627074439825e+00 9.759335585199566765e+01 2.819410395577314077e+01 1.709999999999999964e+00
-1.997202998061409218e+01 3.790330474484627388e+01 1.049378305785437533e+02 -9.954220143770605489e+00 5.403154282398212160e+00 9.080167544510948119e+01 2.588543252556711138e+01 1.840000000000000080e+00
-9.155266681809839824e+00 3.276399082227847970e+01 9.974968984428535634e+01 -1.894142380422894290e+00 -4.445001062298747918e+00 8.604545263015798184e+01 1.906738942684680183e+01 4.899999999999999911e-01
-2.512204192176703899e+01 5.054356156207332873e+01 1.216128885988777029e+02 -6.565389068555878893e+00 -2.221634956814309003e+00 8.327037969155134078e+01 1.225043119247730239e+01 3.100000000000000533e+00
-1.936386193317266091e+01 3.293248032088870758e+01 9.979051946178475418e+01 -1.289031204486922100e+00 -1.078061824083839859e+01 1.002722750421644520e+02 1.487604683427263375e+01 2.299999999999999378e+00
-1.609744374179630455e+01 3.470867312346413058e+01 1.023172599247443486e+02 -4.667339239617857016e-01 -9.066114437439411589e+00 1.041859849680984098e+02 1.158983073357236826e+01 2.029999999999999805e+00
-1.649796838070758653e+01 6.776928475776742289e+00 6.695564263765086821e+01 3.095333039365334216e+00 -5.062819451341594501e+00 9.609385609196792188e+01 1.024458428088130013e+01 3.540000000000000480e+00
-5.569252835361500509e+00 2.143559900171039700e+01 8.430970098319977524e+01 1.073438624800574459e+01 -1.526968486984006645e+01 9.266745692209811125e+01 3.894958491200678274e+00 3.540000000000000036e+00
-7.347779442003700368e+00 2.605079048662332752e+00 6.120838533404129578e+01 8.922121081128748799e+00 -9.822166224200879370e+00 9.434513351175048967e+01 1.061994536589435434e+01 3.979999999999999982e+00
-2.022549830635395551e+01 4.131088177552321383e+01 1.094203702702604772e+02 -1.127361141872967210e+00 -1.071268275845375761e+00 1.028688360265193609e+02 1.704181743045334940e+01 2.319999999999999840e+00
-2.116235770197052801e+01 1.742947895613739462e+01 8.264318031316921065e+01 -7.204957535311165451e+00 -2.341534646429906719e+00 1.050847343272285741e+02 2.445212023183241357e+01 1.409999999999999920e+00
-1.597890508689048339e+01 4.937563117421095171e+01 1.187316992812486092e+02 -5.021782896098687665e+00 6.326637636351209980e-03 1.030920043502101606e+02 2.288590304226628547e+01 1.070000000000000062e+00
-1.866187557619572956e+01 2.726177091012182885e+01 9.363671499424269484e+01 -8.636042027963531709e+00 3.825875089781400895e+00 9.932957312453727639e+01 2.649938642616444540e+01 8.299999999999999600e-01
-2.024620090829771257e+01 3.634998231057968354e+01 1.038804188590620043e+02 -1.065607488266503822e+01 3.086097414278000592e-02 9.584933136748851723e+01 2.693600243387092519e+01 1.989999999999999991e+00
-2.215591446001487697e+01 3.389604848530826331e+01 1.011713361301715963e+02 -9.711307136539884866e+00 1.056737545791808230e+00 9.430351948946899654e+01 2.381437288356416815e+01 3.470000000000000195e+00
-2.465525152055923996e+01 3.345482188993819506e+01 1.019959170116597562e+02 -6.430806580744054202e+00 -1.786956434098693425e+00 1.013697401288921327e+02 2.009992973946953043e+01 4.419999999999999929e+00
-2.447824942363620693e+01 1.942080384398920856e+01 8.480823273500845971e+01 -9.534253855564976732e+00 -5.591194447062220796e+00 1.113566930322050439e+02 2.413902479436783821e+01 6.059999999999999609e+00
-5.306609890850249034e-01 2.014539869787173032e+01 8.318946379789291257e+01 9.468909479596691270e+00 -1.433926176599230473e+01 9.215608307374154151e+01 5.373551303070940754e+00 3.639999999999999236e+00
-2.151227701924992175e+01 1.881593620139103251e+01 8.362591749184019818e+01 -1.760723318277038096e+00 -8.008631770727596688e+00 1.079891979858968369e+02 1.387745286957276569e+01 7.800000000000000266e-01
-8.575956136896643045e+00 6.855364154016804434e+00 6.727565111110804708e+01 9.406845545735322389e+00 -9.452903097697500812e+00 9.185474130776103152e+01 6.506646139755040359e+00 3.580000000000000071e+00
-1.063275671949686441e+01 1.011068866543841693e+01 6.969598600754527240e+01 8.199313259374024554e+00 -9.715177233104647314e+00 9.343889263772275910e+01 9.057117652983778910e+00 3.049999999999999822e+00
-8.418740523804672193e+00 2.353458865512754628e+01 8.539405391922433353e+01 6.363039603713630754e+00 -4.118493236232454890e+00 9.124032219057920656e+01 1.405689328453172493e+01 2.110000000000000320e+00
-1.116026381829441405e+01 4.061587608840279273e+01 1.070796968047826994e+02 -6.580503146240341827e-01 -3.405886763200020262e+00 9.789412489772992387e+01 1.992111458158598580e+01 8.800000000000000044e-01
-1.960235821583032845e+01 3.879718186041272787e+01 1.057545362838777692e+02 -9.354844548630474321e+00 1.756142252823420957e+00 1.009668992079653123e+02 2.868645654793109401e+01 1.400000000000000133e-01
-2.403750310971006243e+01 3.637838110563738780e+01 1.005441925505204637e+02 -1.368852960418365150e+01 6.616087952161842090e+00 9.197058485312601306e+01 3.040723312566033343e+01 1.050000000000000044e+00
-1.855643796961838277e+01 2.538926829879427061e+01 8.880110431307910801e+01 -9.504020583088035323e+00 3.395877330769707214e+00 8.489824227200438145e+01 2.682992781057629017e+01 2.810000000000000053e+00
-1.622318616029397020e+01 4.470704828290752886e+01 1.144786320443849661e+02 -9.711525655181295846e+00 -4.226879397858633425e+00 9.286351708867559296e+01 2.254301272266272704e+01 1.330000000000000071e+00
-1.356196070877167870e+01 2.972357186477386293e+01 9.668508491456147169e+01 -2.095433889216002932e+00 -7.657307895403777209e+00 8.031302427635597496e+01 1.264180358211196520e+01 5.989999999999999325e+00
6.954825400032301985e+00 1.472757402681705940e+01 7.580645147236857895e+01 1.409705020081121774e+01 -2.281308530805547363e+01 8.187716970436640906e+01 4.721135864224676126e+00 2.419999999999999485e+00
-1.287134630614043829e+01 3.251696269295955233e+01 1.008567074637976901e+02 1.625732027010762026e+00 -1.099802976485117512e+01 9.578306938267866144e+01 8.287820871016217339e+00 5.239999999999997549e+00
-6.929433900518653822e+00 2.172259807233771056e+01 8.628189183509829263e+01 7.780211281507735777e+00 -1.250267136086276665e+01 1.017791488332894403e+02 7.923977707590321273e+00 2.520000000000000018e+00
-8.207910229060193519e-01 2.664304839718706575e+01 8.975197959627419664e+01 1.286597994544127666e+01 -1.324065069074407397e+01 9.711257660594306174e+01 4.648264805868397076e+00 2.529999999999999805e+00
6.317682808829387930e+00 2.114625289460856905e+01 8.364504504073128999e+01 1.695957119742105235e+01 -1.603651339328915171e+01 8.716736323041158130e+01 2.955215747693075823e+00 6.809999999999999609e+00
-8.273871944026488734e+00 1.749351459711137835e+01 7.979759163369845965e+01 3.051393734831771898e+00 -7.782177010995830813e+00 9.602305224509252923e+01 1.562984308025439084e+01 4.169999999999999929e+00
-6.651384576270955584e+00 2.593827814250632358e+01 9.172858063525096384e+01 3.023651816870991826e+00 -6.510399768670187548e+00 9.082665083007293561e+01 1.565104596686273197e+01 2.590000000000000302e+00
-4.357700722750085021e+00 2.781087977655684185e+01 9.167929053803489126e+01 -2.179783719233109540e+00 -4.200268919280393476e+00 9.204832125192685055e+01 2.188123477448559839e+01 2.600000000000000089e-01
-3.222157171383524599e+01 4.488848480814822750e+01 1.137049869161470639e+02 -2.022786673530853818e+01 1.232149144081437697e+01 9.537840249898258094e+01 3.397928142404188634e+01 3.100000000000000533e-01
-1.287928618196485075e+01 4.177187791157229668e+01 1.065090973476487477e+02 -4.898412506148575929e+00 2.255745291584656087e+00 8.227286291478657176e+01 2.110038057663807365e+01 2.090000000000000302e+00
2.630512273029605996e+00 4.614892599653330763e+00 6.473463760308699477e+01 3.202090204041790233e+00 -1.095746856090826249e+01 8.263631263512269243e+01 1.588195362606223071e+01 2.540000000000000036e+00
-1.611363938415803432e+01 3.284680350697983897e+01 1.014974540970792845e+02 -3.465002201131291759e+00 -4.972477819526247345e+00 8.551251285136220304e+01 1.252336969305450509e+01 4.230000000000000426e+00
-1.125623806667620741e+01 2.078087891700754852e+01 8.448695639716135020e+01 3.567906714736861051e+00 -7.475941047659459215e+00 9.049956267871311866e+01 8.840382440206930426e+00 2.939999999999999947e+00
-2.200798545336627043e+01 3.516448844880490299e+01 1.027564108199951676e+02 -1.476528367120731211e+00 -7.682154587178471772e+00 1.012551317103376789e+02 1.260036794157942097e+01 5.110000000000000320e+00
2.837574928419484888e+00 -5.318482887042496721e+00 5.107205544324112623e+01 1.452071538496316450e+01 -1.549837702201456580e+01 9.005685703969881217e+01 2.782026912699073762e+00 4.719999999999999751e+00
-1.048966551716706697e+01 1.668472374315761897e+01 8.055277364904809190e+01 2.431220698563070215e+00 -1.084883783544572111e+01 1.050559158697988522e+02 1.163277725925659745e+01 2.799999999999998934e+00
5.772392365080441401e+00 7.096121075414409951e+00 6.554981343283699857e+01 1.527199523193731601e+01 -1.290606172592420720e+01 8.512408109934054323e+01 3.577357671390228422e+00 1.429999999999999938e+00
1.362058067036195474e+00 7.846996720851358020e+00 6.686716336257093474e+01 1.025729281166739959e+01 -9.846164249073277475e+00 8.379091993230359492e+01 9.825153515408567628e+00 2.830000000000000071e+00
-1.448168015575896383e+01 2.967906191693763773e+01 9.483953538121858173e+01 -2.644044351249275060e+00 -2.378888901314662352e+00 9.541067917282593669e+01 1.975527517264566413e+01 3.350000000000000089e+00
-9.152797114121939970e+00 2.984128251796781939e+01 1.020944503851399645e+02 -3.054101411276655575e+00 -8.426642769073147132e-01 9.357941482777330577e+01 2.312177125485353812e+01 1.510000000000000009e+00
-8.419613103518477359e+00 4.457630923390787103e+01 5.348163411288255276e+01 -3.842356657766230477e+00 1.386158326036534305e+01 7.496065397903187488e+01 1.844313978363618745e+01 1.250000000000000000e+00
-9.931132315394824772e+00 4.881337519777488154e+01 7.242731381568023608e+01 -4.104630028657366481e+00 1.070884605799930966e+01 7.968080121522665138e+01 1.786490104421174863e+01 6.300000000000000044e-01
-2.110021516596335545e+01 1.698405236492662596e+01 6.766271818078004685e+01 -1.190954054975776266e+01 5.095340239904275315e+00 9.036036953803420602e+01 2.493451890385416192e+01 4.469999999999999751e+00
-9.511394160311654744e+00 2.192100041411906020e+01 8.986366162454902451e+01 1.931908762288883530e+00 -1.476587442495643288e+01 8.540670168265761220e+01 1.287718430166561667e+01 8.800000000000001155e-01
-2.554227162942120710e+00 5.108158461496955738e+00 7.798447294385765360e+01 9.592590697363629459e+00 -1.569171122627978932e+01 8.049776204430770576e+01 6.687192278624410235e+00 3.089999999999999858e+00
-3.804849267536033697e+00 -3.894975559546623334e+00 9.164160455533063043e+01 9.937522311612541515e+00 -1.913434890459814852e+01 9.308792038145159609e+01 4.606961837722399977e+00 3.519999999999999574e+00
-3.319362943854395342e-01 1.243407932850914444e+00 8.505156287413439031e+01 1.563935361999796747e+01 -2.079996783267550242e+01 9.066754608545404892e+01 2.160270695485498216e+00 5.150000000000000355e+00
-2.374680721765480396e+00 -1.088712409828018401e+01 7.405605989090410901e+01 1.489287988841420862e+01 -2.057891332702926235e+01 8.881435859051039472e+01 3.307408815927467494e+00 4.909999999999999254e+00
-1.037500721673605675e+01 2.314859501261810593e+01 1.023128935558127210e+02 7.256461032180991921e+00 -1.300666943142484477e+01 9.984649700213800827e+01 9.650741998872227612e+00 7.750000000000000000e+00
4.051499674459136280e+00 3.047975107002242723e+01 9.060683126776312690e+01 1.413157350662017286e+01 -1.034156861111141090e+01 8.593171402752652455e+01 5.549131482417952732e+00 3.689999999999999947e+00
-1.434509075347281559e+01 2.770484683555873318e+01 7.625301221679521291e+01 -2.707293207420516712e+00 -2.859825554195558617e+00 9.552592857086412437e+01 1.842749451957736895e+01 1.469999999999999973e+00
-1.276200059714567736e+01 3.315703082323341278e+01 7.452399360597155464e+01 -9.119651274490776061e+00 4.175598832433360386e+00 9.600011031673609807e+01 2.528931038937709275e+01 3.019999999999999574e+00
-1.934669537816139595e+00 3.941033229527019444e+01 8.374953886029230432e+01 -1.226969041248020309e+00 -4.317428188585439308e-01 8.877075274332956667e+01 1.718704878943452385e+01 9.499999999999999556e-01
-2.538846265871712404e+01 6.325118632022056886e+01 9.746781759163599190e+01 -1.594535412890182080e+01 1.160086126555973607e+01 9.644963484515598395e+01 2.525806775393255421e+01 6.400000000000001243e-01
-3.882911294769716193e+01 3.316861606550154562e+01 8.985547260490831434e+01 -2.203487946160179689e+01 1.307847367990046727e+01 9.792344877767119726e+01 2.851541480176359045e+01 2.600000000000000089e+00
-1.478028164774725717e+01 1.982791578607600513e+01 7.723852719142931278e+01 1.235597239176371875e+00 -4.118235739534273243e+00 8.054353459131155546e+01 1.065160328751644769e+01 3.990000000000000213e+00
3.414444413861903005e+00 -1.364339853310241102e+00 8.366225399926035777e+01 1.127803887521463189e+01 -2.005267065262503934e+01 8.277639523591037118e+01 4.559286305071966972e+00 4.669999999999999929e+00
-8.847692526655228651e-01 -6.246212832544507876e+00 8.008131390607961464e+01 1.296370679435920970e+01 -1.902714715891486463e+01 8.925408188989399605e+01 5.615779114927841320e+00 3.580000000000000071e+00
-9.550727768094844805e+00 5.893393798041749676e+00 1.028481491697476997e+02 8.615987095983374644e+00 -2.092065838104380759e+01 9.988051908763381448e+01 7.431087084320249225e+00 3.319999999999999396e+00
-1.102316306995281536e+01 -6.799499061640260633e-01 7.755241479397471949e+01 8.324968030980294031e+00 -1.325535429535135634e+01 9.327758687704026386e+01 8.150791601044721446e+00 3.040000000000000036e+00
-4.784514550118758036e-01 2.629903561593146222e+01 1.003798412461678708e+02 1.189651001135920083e+01 -1.388451891444030473e+01 9.198557012398815402e+01 6.142172865637212986e+00 7.600000000000000089e-01
-1.051948553169698819e+01 3.868322009477791568e+01 1.024134992798251034e+02 2.343408150172877402e+00 -4.716696340926756825e+00 9.481722275161607172e+01 1.486760409546010919e+01 3.210000000000000409e+00
7.069569242195038461e-01 6.678633824964325783e+00 5.888664486739310178e+01 7.136240307678595407e+00 -6.744035189666313990e+00 8.293601874790718398e+01 1.189793803778032100e+01 2.800000000000000266e+00
-1.754991162600883570e+01 3.941775170643929016e+01 7.703987341215537299e+01 -6.025531390167511603e+00 4.267720061734828541e+00 9.593813325293881178e+01 2.183762237717535726e+01 1.850000000000000311e+00
-2.195332984249538910e+01 5.773546331607516180e+01 6.516745793665215558e+01 -8.695142999167616793e+00 1.635003932979935826e+01 8.521444500611747230e+01 2.109461337976294359e+01 1.100000000000000006e-01
-3.006525677593444001e+01 4.631187935256026122e+01 7.632283759328804251e+01 -2.054648428845040442e+01 1.647296757030047942e+01 8.692558451879908432e+01 2.916299253376688583e+01 1.879999999999999893e+00
-2.409622983092773651e+01 3.760348670858267894e+01 9.254545466958197153e+01 -1.410048174379872776e+01 4.925322402123736509e+00 8.907564705538322869e+01 2.122513544669851271e+01 3.240000000000000213e+00
-1.123421843191247405e+01 2.805576764006644908e+01 9.630142787790431669e+01 -1.405225177228693889e+00 -7.526678552963582014e+00 8.947709055800831379e+01 1.441784457987311363e+01 2.410000000000000142e+00
-1.581334930447948395e+01 1.491046921161625960e+01 9.953648811020609344e+01 -1.204196107522822246e+00 -1.675915435364906969e+01 8.660670384450885706e+01 1.037998448135671126e+01 2.230000000000000426e+00
-8.169808346416475686e+00 2.052630499006512466e+01 1.109164014018624727e+02 8.565191943922931372e+00 -1.762946244799909934e+01 9.020815889302264168e+01 4.319208725704442031e+00 5.490000000000000213e+00
8.004965321147475832e-01 -1.161596437649223290e+01 7.467113900093987411e+01 1.212692117570331263e+01 -1.947749632602518233e+01 9.137943855937119508e+01 3.587518025619120809e+00 2.089999999999999414e+00
5.097810628831437540e+00 -3.877735461614960855e+00 7.936617519602866366e+01 1.674151974568867729e+01 -2.299043807644598303e+01 8.418780471535268362e+01 1.127749471233821410e+00 3.229999999999999982e+00
-1.927913144285734015e+00 8.665304754150838562e+00 8.950666123215211201e+01 1.198272481927438804e+01 -1.913323375376119984e+01 8.529831470827382134e+01 4.669293449769871707e+00 4.700000000000000178e+00
1.883640272560832107e+00 1.300865823491748863e+01 7.222388731866817579e+01 1.377110030120250350e+01 -1.001311334721306956e+01 7.819885520647814303e+01 2.981511519216281325e+00 3.220000000000000195e+00
-6.858708175421798003e+00 4.393309028262176952e+01 9.359058703939309964e+01 1.223948290775054737e+00 -4.194151601871812574e+00 8.645128622265849572e+01 1.390481290333955045e+01 2.069999999999999840e+00
-6.819919727532139042e+00 3.211987310586476241e+01 8.126957269095323966e+01 -6.443590809637144368e+00 -8.012736328093203464e-02 8.826924146243619873e+01 2.083166277939854183e+01 1.370000000000000107e+00
-1.195805289334100507e+01 3.459221964171305785e+01 6.609313871816664232e+01 -5.844628197176041873e+00 6.891574891655722013e+00 8.361715387371305042e+01 1.880890060867354308e+01 1.590000000000000302e+00
-9.889454340627507278e+00 5.094894481773576445e+01 8.339878970497613864e+01 -6.516065181035417986e+00 5.520021227325426771e+00 8.346012904898265106e+01 1.779706989294527730e+01 2.890000000000000124e+00
-2.226452112031564923e+01 4.073356844553349276e+01 8.814331857650044810e+01 -1.227623347342282578e+01 7.309951641657177923e+00 8.606631884404318100e+01 2.070003439831526038e+01 2.200000000000000178e+00
-1.344320608787968752e+01 2.299691762417484853e+01 9.162087522474284640e+01 1.338257606428984614e+00 -9.138858519526831259e+00 7.723492024469331341e+01 8.809267751718682149e+00 2.890000000000000124e+00
-1.679691098181524467e+01 2.502193315983840805e+01 1.013222331715607112e+02 1.358618423720576285e+00 -1.030109360078417602e+01 8.317749447866721368e+01 8.873174719612723749e+00 3.950000000000000178e+00
1.907469979165590584e-03 -3.968029332439619417e+00 8.350762234938987660e+01 1.148767409622015201e+01 -2.039559309417934330e+01 9.483991838365749061e+01 5.920675980913276959e+00 5.400000000000000355e-01
-1.644457642214705828e+01 1.230667553881628606e+01 1.039981177965363486e+02 3.493012415552628980e+00 -1.420560271775171479e+01 1.058088723541210925e+02 1.292939300208871423e+01 1.860000000000000098e+00
4.959961355903427460e+00 -2.929398871450281661e+00 7.331264669362096242e+01 1.703722159425877436e+01 -1.713018437426743645e+01 8.576797494699269464e+01 2.780383157074723055e+00 2.200000000000000178e+00
8.586900420627895159e+00 -5.916162786240569460e+00 6.698292481849304636e+01 1.633350602778596539e+01 -1.986976331175027255e+01 8.651428796976070146e+01 4.469478747586037137e+00 4.059999999999999609e+00
-5.515868297348506033e+00 3.980987036563747949e+01 1.045994047538864038e+02 6.473150434325821045e+00 -1.061446919159359403e+01 8.669320287167374772e+01 9.413945257811478839e+00 1.760000000000000231e+00
-7.030342506935522984e+00 3.124623094672073620e+01 8.259645957476901401e+01 -3.155935205479360461e-01 -5.542561440169209597e+00 9.375305499736302295e+01 1.773147103071861963e+01 2.229999999999999982e+00
-1.039439145155836108e+01 3.866354031796812052e+01 8.566254812849868472e+01 -6.616023234967256528e+00 3.472043297299888920e+00 8.802120052143644102e+01 2.090706844679889187e+01 6.999999999999999556e-01
-1.688051452576300449e+01 5.276277801507374221e+01 8.426088184321056929e+01 -1.413179798408501320e+01 1.004463624566474955e+01 8.623266117120739693e+01 2.448409986077846412e+01 1.419999999999999929e+00
-1.841840967480671765e+01 5.011562621778584514e+01 8.975892325224467072e+01 -1.108280802873266957e+01 6.884224427023521997e+00 9.076212440066032627e+01 2.320860866643385378e+01 1.149999999999999911e+00
-1.729082640507796853e+01 1.898113488622157163e+01 7.658031667024728506e+01 -8.479815712823494778e+00 -4.080954955271180573e+00 8.656754053733496335e+01 2.102339425609930146e+01 2.470000000000000195e+00
-1.822593421060505037e+01 1.979712300899244681e+01 9.498306160182296765e+01 -3.280026839036799924e+00 -4.864274052525363601e+00 8.042202014621091166e+01 1.166738187686363837e+01 3.759999999999999787e+00
-1.497793852139012394e+01 1.323826523073958406e+01 8.759966795595695999e+01 2.097159355044100781e+00 -1.358973874990335595e+01 8.963432052894744118e+01 1.153323042386341157e+01 2.779999999999999805e+00
1.636555311316367423e+01 -5.899636218974151802e+00 8.056779747206611830e+01 2.250200867277537142e+01 -2.824453069100719915e+01 7.717381702119659792e+01 -1.609674951266075293e+00 4.969999999999998863e+00
2.661678224347804100e+00 -1.873059220162346383e+00 9.000121141076556341e+01 1.465506755244969028e+01 -2.083537214036232044e+01 9.246128024013830782e+01 4.501708845235737222e+00 3.600000000000000089e+00
2.052433091443985447e+00 5.021369449103836757e+00 8.207310473199929390e+01 1.708546751651256912e+01 -1.768060457526079077e+01 8.975694154544186176e+01 1.874601921227895263e+00 2.629999999999999893e+00
6.955368382829041352e+00 1.295435369478527221e+01 8.373575846612440898e+01 1.688453109560391141e+01 -1.864257739247086576e+01 8.397886373694802842e+01 3.302978197277980144e+00 3.229999999999999538e+00
2.213828134849016305e+00 2.540494570449652656e+00 6.299562047924074193e+01 9.309412424103260975e+00 -1.069566671295667959e+01 8.377552657862010221e+01 1.004338467202635599e+01 1.719999999999999973e+00
3.614860918616582985e+00 2.247453133145437576e+01 7.995580752195390062e+01 7.727811203003966511e+00 -1.255006111800371471e+01 8.600808888465230950e+01 1.119377812973974073e+01 2.560000000000000053e+00
-8.925803675551600591e+00 3.159786551278392963e+01 7.199848617496166980e+01 -5.041007010039424863e+00 2.305350510568311861e+00 9.011828081940440427e+01 2.126292218123819566e+01 8.700000000000001066e-01
-2.364636661528713546e+01 6.332453780791838938e+01 1.060095133777974041e+02 -1.595451303335241988e+01 1.053258533685215070e+01 1.007438531156071946e+02 2.701512537406131287e+01 8.399999999999998579e-01
-1.525001653742088337e+01 6.608960489261502147e+00 5.474400523893968540e+01 -1.069593733056726492e+01 1.775986641990858095e+00 9.368616755262644347e+01 2.714820066532260512e+01 1.089999999999999858e+00
-7.332731116433183871e+00 2.465320346524111983e+01 7.533850446220738206e+01 4.318169595875292366e+00 -5.585697451443246919e+00 6.975782786334120544e+01 8.931584703517421175e+00 1.270000000000000240e+00
-1.949148698864619433e+01 3.056454298901596189e+01 9.394956949592470608e+01 -9.034412760812994270e-01 -4.009088056483737006e+00 8.157717105481138731e+01 9.383023699843588972e+00 1.610000000000000098e+00
-4.736088043203824149e+00 1.733835972929945513e+00 8.545536961277015564e+01 7.918314141025315500e+00 -1.600486720211697644e+01 7.858782622655527916e+01 4.079408268685742023e+00 6.200000000000001066e+00
-4.569790372935873535e+00 1.118372417090881576e+01 9.872745129597842606e+01 9.997576200867932528e+00 -1.907316243339320039e+01 9.842605488511853196e+01 7.972896053010089190e+00 3.129999999999999449e+00
-1.197388429088217876e+01 1.899006947109991827e+01 1.074058950694158767e+02 9.080646677069859507e+00 -1.490866357937860087e+01 9.811488577177894399e+01 5.870357330699522258e+00 5.529999999999999361e+00
1.792746260557618987e+00 1.233959295259038313e+01 1.040786321795907838e+02 1.726104711648775947e+01 -2.145054703671278062e+01 8.963407150609396012e+01 2.074010211897228562e+00 7.879999999999998117e+00
-1.131404748713378794e+01 1.332435458382910332e+00 8.297164406573793372e+01 8.406422833367726000e+00 -1.438963268668791784e+01 9.847594637540225904e+01 1.304281168907536603e+01 4.059999999999999609e+00
-1.637241205476962946e+01 2.435559813929641138e+01 9.237420048694943375e+01 -2.378387244504254483e-01 -5.495412643502746164e+00 9.564249086847280523e+01 1.704282099432195707e+01 2.090000000000000302e+00
-6.963417217072609411e+00 3.649869901043295783e+01 8.361659367797429354e+01 4.693337990045455044e+00 -1.137397122716596209e+00 8.030078279010342612e+01 1.234187035705033253e+01 1.570000000000000062e+00
-2.235866876962060701e+01 4.202059560850295128e+01 7.945680501380550709e+01 -1.322181405110086416e+01 1.193376994363878474e+01 9.768842759622246774e+01 2.703540792006682381e+01 2.900000000000000355e-01
-7.160066766302215946e+00 3.169832960024287871e+01 5.500473170422337432e+01 -6.733324001861588748e+00 6.951786748818099326e+00 8.079776383157714292e+01 1.943618929998883971e+01 1.169999999999999929e+00
-2.291902152896902223e+01 3.584709801310808075e+01 6.784785772161140471e+01 -1.410052761061730209e+01 1.082256720033682562e+01 8.702861399480512716e+01 2.358303571118426234e+01 2.989999999999999769e+00
-2.659267381941985775e+01 6.113985132682087453e+01 1.089124043878739201e+02 -1.154727895538557192e+01 1.043632129262086750e+01 8.498142817343374134e+01 1.695251294566578437e+01 5.249999999999999112e+00
-1.101414380163726570e+01 1.268663832722379148e+01 8.487386595404805689e+01 1.888633038860922930e-01 -9.721305003222642682e+00 8.294070343205811469e+01 1.218207448622512246e+01 5.400000000000000355e+00
1.032001791887138964e+01 -6.498383871842715820e+00 7.422842664627066256e+01 1.739953610688365870e+01 -2.407882149701724117e+01 7.871951365302540182e+01 1.506186200095491090e+00 1.820000000000000062e+00
-3.824587844292292704e+00 1.210306873019750107e+01 1.025118299042212016e+02 1.154851950196909627e+01 -2.289361590210156550e+01 9.000487753058042983e+01 5.314341547103528463e+00 2.249999999999999556e+00
-8.109664889305827629e+00 1.394558142100045472e+00 8.955331321904492370e+01 1.012692679426521991e+01 -2.105049586152050978e+01 9.516594180281251170e+01 6.241202477321101227e+00 4.290000000000000036e+00
1.525541253606015779e+00 4.144031104154365153e+00 8.677422994601185735e+01 1.606893906410101991e+01 -2.151780413147780635e+01 8.877688896654098016e+01 1.948541877667853139e+00 2.959999999999999964e+00
1.310009556758614480e+01 -3.262267221770578374e+00 7.756293652414113637e+01 2.037303589041206919e+01 -2.337292472834600332e+01 8.203286028569445421e+01 4.619778476173316828e-01 9.800000000000002043e-01
-3.422760620518175312e+00 3.135221279456975196e+01 8.338933008038806349e+01 1.092950416826000826e+01 -5.060466433617100357e+00 8.045642972859724296e+01 6.181271971379537433e+00 1.510000000000000009e+00
-9.969579700489472174e+00 2.402632018345552467e+01 8.927365699240077390e+01 5.178187496168238368e-01 -9.675804866709809104e+00 8.926373836880965484e+01 1.554262255850969332e+01 2.339999999999999414e+00
-9.713267916906534793e+00 3.656360039836344100e+01 7.157963371940219588e+01 -2.514837225920895758e+00 2.820301854383491236e+00 9.105096555202672448e+01 1.880034797247498801e+01 2.209999999999999964e+00
-7.877767166185097203e+00 5.759927131039776782e+01 7.075309547879946592e+01 -1.175758200708228784e+00 1.233362837979319115e+00 9.256137847166017707e+01 2.268823623080892915e+01 4.900000000000001021e-01
-2.564403398438303583e+01 4.240312376585913512e+01 8.628875379500742326e+01 -1.461886766823953998e+01 7.363831580813779532e+00 9.958670845315491249e+01 2.645754257733622694e+01 1.479999999999999760e+00
-1.008227153172714274e+01 4.138467271577052742e+01 9.346171483692728543e+01 2.284028303012278993e+00 7.083900940920142553e-01 7.676442755650515437e+01 8.464061650074501841e+00 2.450000000000000178e+00
-3.166414793354893575e+01 3.893087860976739023e+01 9.704342717139722652e+01 -1.141391199429936876e+01 2.527667173034886083e+00 9.745980037909937721e+01 2.051697642600073124e+01 3.589999999999999858e+00
1.205953662978254348e+00 8.383742437585489427e+00 9.228834341848306622e+01 1.300879570119633044e+01 -1.656293237498770665e+01 7.911159394928573363e+01 1.451719527058474402e+00 3.500000000000000000e+00
3.178403565788359697e-01 2.318069492509020790e+01 1.125766087204853960e+02 1.466595094952111644e+01 -2.175729975139550021e+01 8.854908292397321645e+01 1.925163927071276371e+00 1.840000000000000080e+00
-2.680088135082254741e+00 -1.122426155633007738e+01 7.245463745459794325e+01 1.411937488096371141e+01 -2.031407471423891664e+01 8.588706034417849366e+01 3.086931158594761637e+00 2.169999999999999929e+00
2.492602526737827784e+00 5.865834080472026812e+00 9.350851121453106884e+01 1.555064755023681222e+01 -2.083405457768144231e+01 8.895755551181248677e+01 1.095943357909316740e+00 4.799999999999999822e+00
2.716122196489963336e+00 5.353511240884827771e+00 7.179026576003796833e+01 1.508428357604831405e+01 -1.551093066272070686e+01 8.657452708175104306e+01 4.377601848497961079e+00 3.370000000000000107e+00
3.704246215443039336e+00 4.216723546223719588e+00 7.605890144829143651e+01 1.187663656342703078e+01 -1.376224941429085469e+01 8.661606530652636593e+01 9.114636514478274165e+00 5.899999999999999689e-01
-1.687693281302394821e+00 4.300219744568586577e+01 8.368758962932597001e+01 5.585091488768778589e+00 -2.931418017550136756e+00 7.840696568991333493e+01 1.114307929136399267e+01 3.839999999999999858e+00
-3.567772588983696203e+00 4.069987657507288503e+01 7.063069946249800068e+01 2.323566567345807243e+00 1.998936230362704070e+00 8.714805459221337003e+01 1.579111831211539219e+01 1.439999999999999947e+00
-1.524702983641149068e+01 4.173469435603088584e+01 7.642110561894044451e+01 -9.091791164322579277e+00 7.283279993804780972e+00 8.872906064241074375e+01 2.275260340817375493e+01 8.600000000000000977e-01
-4.905167490370422101e+00 1.516580249076141840e+01 6.319897383581527350e+01 -5.931220752040418098e+00 -2.588060400817095541e+00 8.609373186663511035e+01 2.304821584959232794e+01 4.699999999999999734e-01
-2.072055047452612797e+01 3.916629185707397909e+01 9.448755624188723345e+01 -1.014994945779536017e+01 4.344770377325985145e+00 9.170975160037150431e+01 2.241177651631391399e+01 1.780000000000000249e+00
-2.128600084567304407e+01 1.326948957251840433e+01 7.944653426366956239e+01 -6.113525187339121203e+00 -3.609515517120164052e+00 8.611150369551361905e+01 1.738755778884192438e+01 3.799999999999999822e+00
-9.949994780702995811e+00 2.441902016021673916e+01 1.059494715870743278e+02 5.886320242419511573e+00 -1.404691773889351225e+01 8.587685920090729041e+01 6.267914917877408065e+00 7.609999999999998543e+00
-1.822012241428706325e+00 8.506307039844280382e+00 1.008552371378726207e+02 1.002320678663305209e+01 -2.081574220642448481e+01 9.708532414947413258e+01 7.452010622778940885e+00 3.590000000000000302e+00
6.335714178422333198e+00 -5.850226698445239570e+00 7.137956059278675980e+01 2.084708743339017545e+01 -2.182651211062615104e+01 8.407414182902358846e+01 -7.585745926778970638e-01 3.609999999999999876e+00
-1.085476132674402461e+00 -1.116541494609789531e+01 7.597076038432888367e+01 1.112146765419571182e+01 -1.981429514678771042e+01 9.630440845759981983e+01 8.112103394596845263e+00 5.440000000000000391e+00
-9.280543343257784406e-01 -5.988216877895145451e+00 5.661410573353415998e+01 1.125765681240257621e+01 -9.707926082786018540e+00 8.954723642219090607e+01 7.828578643768070222e+00 2.660000000000000142e+00
-1.520814538498974189e+00 3.504347199243962052e+01 9.099584736877389446e+01 1.066075764660725689e+01 -1.016832457971951698e+01 8.601426982348402817e+01 7.786269930940909134e+00 2.660000000000000142e+00
-2.554900068118087830e+01 5.137352908844468402e+01 8.773264016417769540e+01 -8.288457910585680821e+00 6.260893058921471521e+00 9.376550455564728281e+01 2.075236353268112666e+01 1.629999999999999893e+00
-4.524123700358479994e+00 4.281852778999979847e+01 7.084464869271263865e+01 -3.377263404192800689e+00 3.955679277584707165e+00 8.320637529540708499e+01 1.851232241452396821e+01 1.459999999999999964e+00
-2.536876299989356198e+01 6.505082726605353116e+01 1.003840726337025302e+02 -1.691640754424380333e+01 1.406851417962664463e+01 8.777848117616288448e+01 2.402772542897720243e+01 1.280000000000000027e+00
-2.316773952384762225e+01 6.846278522594272431e+01 1.064323675220458369e+02 -1.511737084134174758e+01 1.324875558983976020e+01 8.667024348761032115e+01 2.211331794986726251e+01 9.100000000000000311e-01
-2.392065733566650820e+01 3.524348225896063980e+01 8.161077531156554699e+01 -1.557069488878824259e+01 7.159074354751652436e+00 8.812714463218806316e+01 2.556260353103770200e+01 4.169999999999999929e+00
-1.900308310415568158e+01 2.396582359980488164e+01 8.806370096368902978e+01 -3.933891178076042383e+00 -3.574874931904980180e+00 8.849771536233416214e+01 1.601914621108669579e+01 2.109999999999999876e+00
-3.572070223202505002e+00 -5.625934934390953712e-01 7.489291012953795246e+01 9.265723886568775214e+00 -1.558528157237084244e+01 8.423947371735336276e+01 7.915012801363038086e+00 4.929999999999999716e+00
1.214411089388105935e+00 -1.367379588187196937e+01 7.451042807016023062e+01 1.374487693339583672e+01 -2.027852066303926293e+01 9.047642215480259154e+01 5.713204451917014204e+00 5.469999999999999751e+00
-1.598675216779987274e+01 1.705301555865137786e+01 1.052131250370668596e+02 4.844783363071338833e+00 -1.453740416584099826e+01 1.074473750373713301e+02 1.285029641824262647e+01 5.129999999999999893e+00
1.413935904762873452e+00 1.234015136973444804e+01 1.017840554836339209e+02 1.428599762119825911e+01 -1.939475630303248010e+01 9.549461001235366098e+01 5.215474243331864379e+00 1.209999999999999964e+00
-1.938832499545913635e+00 -2.051850382238143755e+00 7.135647951808601874e+01 9.771466522733433635e+00 -1.441904313956753292e+01 9.696537809410624220e+01 1.116826688034867487e+01 2.040000000000000480e+00
4.346034271866296428e-01 2.926011887748586204e+01 9.573989396705525223e+01 1.158180503931411209e+01 -1.121156880245091259e+01 8.786184733059548080e+01 8.447696912188908058e+00 1.449999999999999956e+00
-2.695874074998665293e+01 4.257004846679747345e+01 9.902261126612179964e+01 -1.098793451287292733e+01 4.718788990539012573e+00 9.771243910526169429e+01 2.355976120472476865e+01 9.800000000000002043e-01
-1.675792769146745442e+01 5.635804966306781694e+01 1.080382740159260351e+02 -9.136030891645130936e+00 6.594834833540896391e+00 9.576857023673473179e+01 2.233285205270905749e+01 1.280000000000000249e+00
-2.234541526309554982e+01 5.746146391304700529e+01 8.133018851255127402e+01 -1.514806898951390401e+01 1.579733610331172500e+01 8.712464905242445923e+01 2.557600431835654220e+01 1.399999999999999856e-01
-1.888869065824668780e+01 6.898164672253894025e+01 9.135733256145010728e+01 -1.650709789621184598e+01 1.594160924654152289e+01 8.066701819025368536e+01 2.413987778729125822e+01 5.400000000000000355e-01
-3.267462851785067812e+01 5.924224083495771964e+01 1.118022003447285613e+02 -1.969840688665904693e+01 8.883185236814910013e+00 1.013104228483300489e+02 2.836778197412940017e+01 2.479999999999999982e+00
-2.096907217340169538e+01 3.731760556426870323e+01 1.025948639481155169e+02 -5.664599970242701232e+00 -2.174834986498410228e+00 8.829260996063123912e+01 1.554435740014065992e+01 1.550000000000000044e+00
-1.709736898160718610e+01 7.540947545624256065e+00 9.540980583959523642e+01 -1.734242843606379481e-01 -1.773557920117570674e+01 9.359688914141064231e+01 1.280938594711163425e+01 5.119999999999999218e+00
5.446791481565023574e+00 -3.549631679956078312e+00 7.336103568559268240e+01 1.633816517951609271e+01 -1.866513998335174307e+01 8.531309998016102725e+01 2.486625754715620751e+00 3.419999999999999929e+00
-9.435150897294461103e+00 2.866964138642060789e+00 9.599765864509801361e+01 7.388014265362563116e+00 -1.702883598091199602e+01 9.687186851351683003e+01 7.627849709491537844e+00 3.239999999999999769e+00
-6.597429370543100191e+00 1.337845961125117178e+01 9.814094111353280425e+01 1.014176942111748403e+01 -1.661587525950541178e+01 9.694390326570663774e+01 6.849230792865509621e+00 3.819999999999999840e+00
1.281474611848846124e+01 -4.506589859621421112e+00 6.750017391954290247e+01 2.315516018175563673e+01 -1.901305187438589428e+01 7.608020590523574356e+01 -2.721758504924859157e+00 3.029999999999999805e+00
-8.852695873083590072e+00 2.291743970646092166e+01 8.213572791734424072e+01 5.285571872459625453e+00 -8.449589628035603539e+00 8.522892626813234074e+01 1.202260211503712739e+01 2.120000000000000107e+00
-1.119225938196406744e+01 3.405260089017519931e+01 8.401300320161702473e+01 2.384121024601503436e+00 -2.982792505464723742e+00 8.668150730318674846e+01 1.381643398109446430e+01 2.649999999999999911e+00
-6.420922404729370037e+00 3.330090816630244177e+01 7.689455547000935098e+01 2.850226984161538191e+00 -2.485811158478097749e+00 8.829285047029033251e+01 1.352348213495408125e+01 5.300000000000000266e-01
-1.701822147547633790e+01 3.623093569068362285e+01 8.154357093515154986e+01 -1.175903022097256034e+01 5.148707572465293758e+00 9.015763327094545332e+01 2.510356806376873706e+01 4.129999999999999005e+00
-2.293095266941118382e+01 4.162348565824980540e+01 8.775583342025875311e+01 -1.401495218309507074e+01 6.778607522828886900e+00 9.455782239169334957e+01 2.625198460154418356e+01 2.230000000000000426e+00
-1.064522765584366049e+01 2.513484667886262258e+01 8.148345691990027717e+01 -2.844383715856896089e+00 -3.848070096802938433e+00 8.205752871897354339e+01 1.592720167237938966e+01 1.660000000000000142e+00
-3.010741981459750249e+01 2.905081032406629760e+01 8.123556513247474697e+01 -9.051946667925944823e+00 7.177477568599345048e+00 7.240693531968473451e+01 1.100066427793470325e+01 7.900000000000000355e-01
-9.955204893174828484e+00 6.542669961472491025e+00 9.753383101628870122e+01 3.940810729629169007e+00 -1.725190295505219851e+01 7.824983369790086840e+01 6.478136376501010041e+00 4.690000000000000391e+00
-1.882600504226954286e+01 4.936532386889787460e+00 9.181514789896658613e+01 1.657134657021962720e+00 -1.442403545659311703e+01 9.437853810468460836e+01 1.025098632101252782e+01 2.970000000000000195e+00
-9.877703684618420965e+00 2.209007091316564697e+00 9.228277401881329922e+01 9.651601972569849863e+00 -1.786662171529262721e+01 9.139458742322240425e+01 5.828825928019451652e+00 4.110000000000000320e+00
-6.692529144565105170e+00 3.697603696458998446e+00 9.449625849952757051e+01 1.145899790119449513e+01 -2.110900056805810721e+01 9.277241608644487769e+01 4.604599049548664169e+00 1.379999999999999893e+00
7.573737714528618881e+00 8.510025523888130328e-02 6.799645435205405875e+01 1.992355097317112467e+01 -1.657300071171476930e+01 7.595948868943949606e+01 -3.760058865861609090e-01 4.739999999999999325e+00
-6.802777520279416734e+00 4.275509033666271819e+01 1.004270595767282970e+02 7.295868398833721180e+00 -7.951071825761793832e+00 8.947925916522713408e+01 9.158591385718125366e+00 7.700000000000001288e-01
-9.918136085031960647e+00 1.863105119842918000e+01 6.752479230029592827e+01 -1.151548843666344801e+00 -3.993809202983592765e+00 9.408000298967695585e+01 1.771174523352962282e+01 2.330000000000000515e+00
-1.974083645314794211e+01 4.429726256919356331e+01 9.038246081360647111e+01 -1.045192621493546881e+01 5.058234226576145964e+00 9.412418730659335608e+01 2.312296207881782450e+01 1.570000000000000284e+00
-7.684334023697862115e+00 5.284956786898005987e+01 9.735063270385369094e+01 -3.327427567228379957e+00 -1.127365937180190292e+00 9.250075232310479123e+01 1.972819412443123710e+01 1.860000000000000098e+00
-1.414664493929970668e+01 2.273516919509440726e+01 8.052414336017456264e+01 -8.744541097560921017e+00 1.427398288815771688e+00 9.286082508136640001e+01 2.450699537234545744e+01 2.120000000000000107e+00
-2.111019357092297000e+01 1.950129537504555088e+01 7.042903978967144951e+01 -1.421254569947284807e+01 2.116030374418432558e+00 9.296449945386690672e+01 2.618984554655516916e+01 3.660000000000000142e+00
-1.115504150169727282e+01 1.393490829624871985e+01 8.649370118916769457e+01 1.138607737004553311e+00 -5.462222258389905605e+00 8.932124343400806765e+01 1.374018574203851273e+01 5.440000000000000391e+00
-3.595371243383449045e+00 -4.073655993234233108e+00 7.433944015729417742e+01 8.810258838745122389e+00 -1.596883933460474836e+01 9.043620662319158043e+01 1.118608794045980481e+01 6.100000000000000533e+00
-1.117463735558957083e+01 1.352663472364729991e+01 9.926763510159331361e+01 8.290436875515167614e+00 -1.892903357276789933e+01 1.016432748118061511e+02 1.139086197546519408e+01 5.239999999999999325e+00
3.361668599954724002e+00 2.766797732491553585e+00 8.673046096777906655e+01 1.738489449277171417e+01 -1.906060557452849125e+01 9.216281791523479683e+01 3.305942712158684849e+00 3.380000000000000338e+00
-1.573128204537135533e+00 4.267632257682308250e+00 7.933967652467953258e+01 1.495203067369691574e+01 -1.409940113381769677e+01 9.211995082243436173e+01 5.353865778983384338e+00 7.900000000000000355e-01
1.896219169073944144e+01 -2.161368735542737785e+00 7.629437691941038224e+01 2.334493828959571715e+01 -2.219621573029965589e+01 8.032500662803133196e+01 -8.647238935720552577e-01 4.809999999999999609e+00
-6.709439375661460758e+00 2.658269733911522792e+01 9.723345262768889086e+01 8.844540127922360995e+00 -1.243374867997440880e+01 9.633318816133188989e+01 1.114232635087627266e+01 3.080000000000000071e+00
-1.197587998246938845e+01 4.266092381413688628e+01 9.660031739579783050e+01 -1.694488627183783569e+00 -6.713216959672996254e-01 9.548222934177935883e+01 1.908259769273309203e+01 9.699999999999999734e-01
-1.760529934263408336e+01 7.325057887445817073e+01 8.695654506571800368e+01 -6.800608071104896624e+00 1.505141359413909186e+01 8.398811553674873664e+01 1.851418806890755420e+01 1.639999999999999902e+00
-1.603341288463347425e+01 4.245832343800314135e+01 7.704423652073597850e+01 -1.063272017586134233e+01 1.142997957321273006e+01 9.109292014871131471e+01 2.625860131384303742e+01 1.590000000000000302e+00
-1.314868402040783124e+01 3.383586754492253590e+01 8.774248196911489117e+01 -7.747141459750694459e+00 4.773833433787315172e+00 9.530125704178726664e+01 2.344716743611769871e+01 9.399999999999999467e-01
-2.135760280987974014e+01 2.000443752096782291e+01 7.272657774413798393e+01 -1.132773407769822427e+01 5.862043487099673378e+00 9.674137519040345978e+01 2.625276926290320034e+01 3.200000000000000178e+00
-1.900516751721380970e+01 2.562174302669949455e+01 9.743784032991686672e+01 -8.725962653640177535e+00 -5.215549249567111190e+00 1.026444546467923260e+02 2.437905837930152941e+01 1.719999999999999973e+00
-9.585573381155453987e+00 -3.692806933065675867e+00 8.471153004632120087e+01 4.940016830938873227e+00 -1.875274941319203137e+01 8.869793344688940806e+01 1.099251694660179979e+01 5.330000000000000071e+00
-6.410936803103502335e+00 3.501447464607466475e+00 9.201086056088928444e+01 9.201035277886390418e+00 -1.734930955376036721e+01 9.678854017804802368e+01 9.278172196286922357e+00 1.939999999999999947e+00
-6.174059294619827831e+00 1.105442114117241914e+01 1.073582968915606273e+02 1.259148694532012769e+01 -2.371464069592460788e+01 9.679195632691073570e+01 5.745211518621998970e+00 2.339999999999999858e+00
2.362105361691651417e+00 5.205933975785683288e+00 9.942053843718878170e+01 1.718032175346683132e+01 -2.297398608679670318e+01 9.599895798741476938e+01 4.056496695762204396e+00 2.819999999999999840e+00
7.221098050693241177e+00 1.460743889290699826e+01 9.108285789661017873e+01 1.972340246288014498e+01 -2.001363399177015978e+01 8.791565803430209769e+01 2.561747419005833137e+00 2.620000000000000107e+00
-6.292802265100993608e+00 2.571306537971727835e+01 7.859597213881460220e+01 6.658481443458735605e+00 -7.257899706146494268e+00 9.209458347648798338e+01 1.319477235029818374e+01 2.600000000000000089e+00
-3.763685401755824778e+00 3.199667125517524013e+01 8.521266430546873494e+01 4.271550750180308498e-01 -6.289848613899515328e+00 9.683978667022080344e+01 2.010562358426232876e+01 1.820000000000000062e+00
-2.573893408597586419e+00 3.648546266191735299e+01 7.026396570316614998e+01 1.023845774200560665e+00 2.659507764760835169e+00 9.055621914908567760e+01 2.028715634602747997e+01 1.619999999999999885e+00
-1.546443281882843479e+01 5.494617496461432893e+01 8.000488581847154990e+01 -1.163012161251049825e+01 1.362733819012552594e+01 9.025755446545394989e+01 2.343306316280408907e+01 1.580000000000000071e+00
